student_id,term_id,total_charges,total_payments,balance
10000000,2025FA,5449,4292,1157
10000000,2025SP,7544,4794,2750
10000001,2025FA,5297,377,4920
10000002,2025FA,4885,1494,3391
10000002,2025SP,3607,771,2836
10000003,2025FA,5726,229,5497
10000003,2025SP,3432,5519,-2087
10000004,2025FA,6905,5506,1399
10000004,2025SP,6608,2486,4122
10000005,2025FA,8636,5884,2752
10000006,2025FA,4517,3053,1464
10000007,2025FA,4793,3282,1511
10000008,2025FA,4493,1596,2897
10000008,2025SP,4485,2372,2113
10000009,2025FA,9399,6039,3360
10000009,2025SP,3394,3818,-424
10000010,2025FA,6082,2611,3471
10000010,2025SP,3827,4444,-617
10000011,2025FA,5842,2288,3554
10000011,2025SP,5275,2424,2851
10000012,2025FA,6300,4785,1515
10000012,2025SP,5003,2546,2457
10000013,2025FA,4697,6099,-1402
10000014,2025FA,6619,4163,2456
10000015,2025FA,8770,1472,7298
10000016,2025FA,6436,5106,1330
10000016,2025SP,4171,3391,780
10000017,2025FA,8707,1922,6785
10000017,2025SP,3754,6517,-2763
10000018,2025FA,4798,243,4555
10000019,2025FA,11233,5430,5803
10000019,2025SP,4793,3498,1295
10000020,2025FA,5560,1360,4200
10000020,2025SP,8170,5421,2749
10000021,2025FA,11221,281,10940
10000022,2025FA,5916,1009,4907
10000022,2025SP,4779,2289,2490
10000023,2025FA,4675,1566,3109
10000023,2025SP,3627,3688,-61
10000024,2025FA,4325,2748,1577
10000025,2025FA,4391,2128,2263
10000026,2025FA,8186,6293,1893
10000027,2025FA,8182,2342,5840
10000027,2025SP,8037,3717,4320
10000028,2025FA,6265,2605,3660
10000028,2025SP,3841,2090,1751
10000029,2025FA,6550,2747,3803
10000030,2025FA,8642,3913,4729
10000031,2025FA,5020,1958,3062
10000032,2025FA,8185,6233,1952
10000033,2025FA,10140,3862,6278
10000034,2025FA,8671,4552,4119
10000035,2025FA,4881,3563,1318
10000036,2025FA,5283,5422,-139
10000036,2025SP,3694,3480,214
10000037,2025FA,8092,4445,3647
10000037,2025SP,8762,1831,6931
10000038,2025FA,6584,2442,4142
10000039,2025FA,6068,3907,2161
10000040,2025FA,4662,2521,2141
10000041,2025FA,4764,3141,1623
10000042,2025FA,6553,2534,4019
10000043,2025FA,4836,5246,-410
10000043,2025SP,4045,1401,2644
10000044,2025FA,4589,1815,2774
10000045,2025FA,9247,3811,5436
10000045,2025SP,9228,667,8561
10000046,2025FA,8590,4140,4450
10000047,2025FA,5639,1679,3960
10000048,2025FA,4779,4210,569
10000049,2025FA,8187,4704,3483
10000049,2025SP,4689,4043,646
10000050,2025FA,5722,2506,3216
10000051,2025FA,4905,2001,2904
10000051,2025SP,5240,5544,-304
10000052,2025FA,5932,703,5229
10000053,2025FA,5072,3252,1820
10000053,2025SP,4720,3773,947
10000054,2025FA,5523,5762,-239
10000055,2025FA,5021,3928,1093
10000055,2025SP,3830,3492,338
10000056,2025FA,4354,2682,1672
10000057,2025FA,5547,2488,3059
10000058,2025FA,8010,5922,2088
10000059,2025FA,6625,2522,4103
10000059,2025SP,8165,1743,6422
10000060,2025FA,4853,4413,440
10000060,2025SP,9268,2636,6632
10000061,2025FA,4869,4652,217
10000061,2025SP,4384,6350,-1966
10000062,2025FA,8780,2819,5961
10000063,2025FA,10507,759,9748
10000063,2025SP,8744,3678,5066
10000064,2025FA,5282,2484,2798
10000065,2025FA,10520,3680,6840
10000065,2025SP,8184,4688,3496
10000066,2025FA,4688,2093,2595
10000067,2025FA,4397,3245,1152
10000067,2025SP,7434,3977,3457
10000068,2025FA,5134,2443,2691
10000069,2025FA,4782,3809,973
10000070,2025FA,4594,722,3872
10000070,2025SP,3843,1014,2829
10000071,2025FA,5994,4130,1864
10000072,2025FA,6766,3129,3637
10000072,2025SP,3686,4668,-982
10000073,2025FA,4311,2097,2214
10000073,2025SP,5157,5096,61
10000074,2025FA,9276,4467,4809
10000075,2025FA,8573,4182,4391
10000076,2025FA,4913,1164,3749
10000077,2025FA,10792,2331,8461
10000077,2025SP,8679,3558,5121
10000078,2025FA,12029,1742,10287
10000078,2025SP,8822,2733,6089
10000079,2025FA,7981,5262,2719
10000080,2025FA,4712,3666,1046
10000081,2025FA,8817,3177,5640
10000082,2025FA,11399,4124,7275
10000082,2025SP,6081,3541,2540
10000083,2025FA,9420,1639,7781
10000083,2025SP,4033,2335,1698
10000084,2025FA,8728,5870,2858
10000084,2025SP,5018,1940,3078
10000085,2025FA,12053,4337,7716
10000085,2025SP,3873,3442,431
10000086,2025FA,5075,509,4566
10000087,2025FA,5519,3354,2165
10000087,2025SP,4691,2724,1967
10000088,2025FA,6460,623,5837
10000089,2025FA,4566,3421,1145
10000089,2025SP,4673,4804,-131
10000090,2025FA,8721,6296,2425
10000091,2025FA,9318,3355,5963
10000091,2025SP,3324,3477,-153
10000092,2025FA,4940,1480,3460
10000093,2025FA,8193,3211,4982
10000094,2025FA,8060,3606,4454
10000095,2025FA,10566,6620,3946
10000096,2025FA,11860,2893,8967
10000096,2025SP,4698,5091,-393
10000097,2025FA,5062,1927,3135
10000098,2025FA,4520,4350,170
10000098,2025SP,4418,2925,1493
10000099,2025FA,9491,1804,7687
10000100,2025FA,8622,6763,1859
10000101,2025FA,5987,833,5154
10000101,2025SP,3803,6061,-2258
10000102,2025FA,4679,1645,3034
10000102,2025SP,6188,1071,5117
10000103,2025FA,5195,225,4970
10000104,2025FA,4761,5134,-373
10000104,2025SP,3758,1133,2625
10000105,2025FA,4695,6955,-2260
10000105,2025SP,3751,1041,2710
10000106,2025FA,6340,2906,3434
10000107,2025FA,5007,3156,1851
10000107,2025SP,8657,2833,5824
10000108,2025FA,4914,6651,-1737
10000108,2025SP,4300,564,3736
10000109,2025FA,5105,8259,-3154
10000110,2025FA,5172,5686,-514
10000111,2025FA,6072,4936,1136
10000112,2025FA,4881,1630,3251
10000112,2025SP,4516,1898,2618
10000113,2025FA,8188,3870,4318
10000114,2025FA,5647,2644,3003
10000114,2025SP,5157,2489,2668
10000115,2025FA,6289,6136,153
10000116,2025FA,4421,2300,2121
10000117,2025FA,7004,2948,4056
10000117,2025SP,6784,3434,3350
10000118,2025FA,4786,439,4347
10000118,2025SP,4400,1892,2508
10000119,2025FA,8825,1847,6978
10000120,2025FA,5841,4760,1081
10000120,2025SP,4415,4435,-20
10000121,2025FA,4913,5115,-202
10000122,2025FA,8726,4381,4345
10000122,2025SP,5086,5943,-857
10000123,2025FA,4692,670,4022
10000123,2025SP,3837,5970,-2133
10000124,2025FA,5095,1663,3432
10000125,2025FA,10718,551,10167
10000126,2025FA,5796,6055,-259
10000126,2025SP,3896,2047,1849
10000127,2025FA,4859,3797,1062
10000128,2025FA,5123,4862,261
10000128,2025SP,5594,5126,468
10000129,2025FA,9292,4462,4830
10000130,2025FA,9431,2165,7266
10000130,2025SP,6015,3583,2432
10000131,2025FA,7940,4855,3085
10000131,2025SP,4900,5457,-557
10000132,2025FA,10709,4350,6359
10000132,2025SP,6884,3080,3804
10000133,2025FA,5985,3152,2833
10000134,2025FA,4331,2570,1761
10000134,2025SP,6243,3112,3131
10000135,2025FA,4866,5009,-143
10000135,2025SP,7927,4057,3870
10000136,2025FA,10604,1417,9187
10000136,2025SP,9259,1618,7641
10000137,2025FA,7974,3807,4167
10000138,2025FA,8829,1671,7158
10000139,2025FA,4693,6568,-1875
10000139,2025SP,4795,3571,1224
10000140,2025FA,5938,6058,-120
10000140,2025SP,4384,2411,1973
10000141,2025FA,12069,879,11190
10000142,2025FA,10676,2988,7688
10000143,2025FA,5715,1091,4624
10000143,2025SP,3338,2694,644
10000144,2025FA,11153,3988,7165
10000145,2025FA,5807,4523,1284
10000146,2025FA,4857,2117,2740
10000147,2025FA,4499,3216,1283
10000147,2025SP,8010,6986,1024
10000148,2025FA,4734,4037,697
10000148,2025SP,4911,539,4372
10000149,2025FA,5421,2147,3274
10000149,2025SP,3805,3852,-47
10000150,2025FA,8736,5373,3363
10000151,2025FA,6520,506,6014
10000152,2025FA,4728,6381,-1653
10000152,2025SP,8709,3550,5159
10000153,2025FA,5921,5959,-38
10000154,2025FA,5148,4165,983
10000154,2025SP,6174,3417,2757
10000155,2025FA,4766,1841,2925
10000156,2025FA,9408,1110,8298
10000157,2025FA,4303,1494,2809
10000157,2025SP,7972,4377,3595
10000158,2025FA,10711,2824,7887
10000158,2025SP,4848,1704,3144
10000159,2025FA,10695,3905,6790
10000159,2025SP,7948,3114,4834
10000160,2025FA,4531,4962,-431
10000160,2025SP,8721,5508,3213
10000161,2025FA,5754,2075,3679
10000162,2025FA,4588,3243,1345
10000162,2025SP,6052,649,5403
10000163,2025FA,4810,4033,777
10000164,2025FA,5871,466,5405
10000164,2025SP,6187,4202,1985
10000165,2025FA,8670,4655,4015
10000166,2025FA,4476,2424,2052
10000167,2025FA,9384,1749,7635
10000168,2025FA,6247,4207,2040
10000168,2025SP,8196,546,7650
10000169,2025FA,4747,4645,102
10000170,2025FA,4867,3359,1508
10000171,2025FA,9266,3622,5644
10000171,2025SP,6655,5716,939
10000172,2025FA,6216,1904,4312
10000173,2025FA,5919,4348,1571
10000174,2025FA,4420,2803,1617
10000175,2025FA,5158,1192,3966
10000176,2025FA,8560,6224,2336
10000176,2025SP,4106,2577,1529
10000177,2025FA,4895,1110,3785
10000178,2025FA,5867,1804,4063
10000179,2025FA,6526,1708,4818
10000180,2025FA,4909,4398,511
10000180,2025SP,6016,1158,4858
10000181,2025FA,4536,2851,1685
10000181,2025SP,3356,1798,1558
10000182,2025FA,6291,3407,2884
10000183,2025FA,8613,4291,4322
10000183,2025SP,3298,2634,664
10000184,2025FA,10691,5155,5536
10000185,2025FA,4523,6393,-1870
10000186,2025FA,8667,6749,1918
10000187,2025FA,9395,723,8672
10000188,2025FA,10721,3630,7091
10000189,2025FA,5063,6477,-1414
10000190,2025FA,8158,3780,4378
10000191,2025FA,5171,4196,975
10000192,2025FA,6118,5256,862
10000193,2025FA,5225,2186,3039
10000193,2025SP,5171,1561,3610
10000194,2025FA,9985,6484,3501
10000194,2025SP,7496,4550,2946
10000195,2025FA,5266,2761,2505
10000196,2025FA,4937,2466,2471
10000196,2025SP,4336,4854,-518
10000197,2025FA,8774,1877,6897
10000198,2025FA,4667,4209,458
10000199,2025FA,5929,3849,2080
10000200,2025FA,5827,571,5256
10000201,2025FA,5759,3168,2591
10000202,2025FA,6210,2888,3322
10000203,2025FA,4739,1741,2998
10000204,2025FA,5125,3260,1865
10000205,2025FA,5719,4000,1719
10000206,2025FA,8179,4549,3630
10000207,2025FA,5017,5135,-118
10000208,2025FA,6066,5683,383
10000209,2025FA,5459,4108,1351
10000210,2025FA,4505,4218,287
10000211,2025FA,9207,5738,3469
10000211,2025SP,5636,5189,447
10000212,2025FA,4727,4064,663
10000213,2025FA,4336,3322,1014
10000213,2025SP,4938,1379,3559
10000214,2025FA,8165,4210,3955
10000214,2025SP,5297,839,4458
10000215,2025FA,11260,5001,6259
10000216,2025FA,9900,1842,8058
10000217,2025FA,6256,3164,3092
10000218,2025FA,4946,3303,1643
10000218,2025SP,5086,761,4325
10000219,2025FA,5563,3714,1849
10000220,2025FA,8072,3865,4207
10000221,2025FA,8719,2408,6311
10000221,2025SP,3746,3098,648
10000222,2025FA,5623,4853,770
10000223,2025FA,4462,807,3655
10000223,2025SP,9340,3948,5392
10000224,2025FA,5255,2582,2673
10000224,2025SP,5040,3697,1343
10000225,2025FA,4495,4135,360
10000226,2025FA,11433,1853,9580
10000227,2025FA,6195,1689,4506
10000227,2025SP,4067,256,3811
10000228,2025FA,8740,2054,6686
10000229,2025FA,5060,3284,1776
10000230,2025FA,6627,2390,4237
10000230,2025SP,3318,5026,-1708
10000231,2025FA,5157,3892,1265
10000231,2025SP,5215,2805,2410
10000232,2025FA,5944,5223,721
10000233,2025FA,5124,2045,3079
10000234,2025FA,6655,4415,2240
10000235,2025FA,4487,1257,3230
10000235,2025SP,6788,5873,915
10000236,2025FA,4723,6020,-1297
10000236,2025SP,4778,3271,1507
10000237,2025FA,4851,1234,3617
10000238,2025FA,4941,882,4059
10000238,2025SP,3665,3037,628
10000239,2025FA,10558,2450,8108
10000240,2025FA,4845,4308,537
10000241,2025FA,9437,2467,6970
10000242,2025FA,5478,3842,1636
10000243,2025FA,5492,3047,2445
10000244,2025FA,4855,4474,381
10000245,2025FA,6094,870,5224
10000246,2025FA,10075,4063,6012
10000246,2025SP,5016,2296,2720
10000247,2025FA,11217,433,10784
10000248,2025FA,5522,1446,4076
10000249,2025FA,7928,3400,4528
10000249,2025SP,3453,3254,199
10000250,2025FA,5154,2786,2368
10000251,2025FA,5579,3076,2503
10000252,2025FA,4885,1435,3450
10000252,2025SP,6797,679,6118
10000253,2025FA,6150,2763,3387
10000254,2025FA,10538,299,10239
10000255,2025FA,4451,2483,1968
10000256,2025FA,7942,1116,6826
10000257,2025FA,5461,6562,-1101
10000258,2025FA,4480,1218,3262
10000259,2025FA,8160,2363,5797
10000260,2025FA,5478,6313,-835
10000261,2025FA,6435,1963,4472
10000261,2025SP,4762,4753,9
10000262,2025FA,8107,3409,4698
10000262,2025SP,4058,3356,702
10000263,2025FA,6115,3099,3016
10000263,2025SP,3893,830,3063
10000264,2025FA,4883,4662,221
10000265,2025FA,4783,3793,990
10000265,2025SP,4335,1769,2566
10000266,2025FA,4554,1015,3539
10000266,2025SP,4393,1929,2464
10000267,2025FA,4910,2711,2199
10000267,2025SP,4734,1082,3652
10000268,2025FA,5841,3614,2227
10000269,2025FA,9453,4244,5209
10000270,2025FA,9351,1609,7742
10000271,2025FA,12064,4148,7916
10000271,2025SP,9495,3454,6041
10000272,2025FA,4793,3677,1116
10000273,2025FA,4761,3372,1389
10000273,2025SP,7443,5438,2005
10000274,2025FA,5722,238,5484
10000275,2025FA,10666,1861,8805
10000275,2025SP,4345,3474,871
10000276,2025FA,6109,6069,40
10000277,2025FA,6221,4136,2085
10000278,2025FA,4812,2424,2388
10000278,2025SP,7544,3080,4464
10000279,2025FA,9309,1951,7358
10000279,2025SP,4778,2355,2423
10000280,2025FA,9268,2464,6804
10000281,2025FA,6328,1603,4725
10000282,2025FA,4367,1586,2781
10000283,2025FA,9363,4509,4854
10000284,2025FA,9328,5008,4320
10000285,2025FA,9324,1663,7661
10000285,2025SP,9290,4216,5074
10000286,2025FA,4909,3266,1643
10000287,2025FA,5614,5045,569
10000287,2025SP,7515,4074,3441
10000288,2025FA,6276,3715,2561
10000288,2025SP,3483,1905,1578
10000289,2025FA,11220,4299,6921
10000290,2025FA,8814,6081,2733
10000291,2025FA,5404,1790,3614
10000292,2025FA,5428,4971,457
10000293,2025FA,5386,1704,3682
10000293,2025SP,3643,3677,-34
10000294,2025FA,5394,641,4753
10000294,2025SP,3519,4172,-653
10000295,2025FA,8756,1257,7499
10000296,2025FA,6551,4240,2311
10000296,2025SP,4358,5012,-654
10000297,2025FA,5282,3526,1756
10000298,2025FA,5443,1431,4012
10000299,2025FA,6686,3130,3556
10000300,2025FA,5708,3264,2444
10000301,2025FA,4842,2791,2051
10000302,2025FA,8815,3205,5610
10000303,2025FA,10030,3561,6469
10000304,2025FA,9871,3939,5932
10000305,2025FA,4347,1443,2904
10000306,2025FA,5459,1790,3669
10000307,2025FA,6113,3357,2756
10000308,2025FA,8775,2313,6462
10000309,2025FA,5540,1873,3667
10000309,2025SP,5559,7417,-1858
10000310,2025FA,4486,6175,-1689
10000311,2025FA,5242,4311,931
10000312,2025FA,4417,5963,-1546
10000312,2025SP,7914,3638,4276
10000313,2025FA,6611,4999,1612
10000314,2025FA,10548,1373,9175
10000315,2025FA,4831,2607,2224
10000316,2025FA,9252,4423,4829
10000317,2025FA,5136,1822,3314
10000318,2025FA,10502,3135,7367
10000318,2025SP,6816,5909,907
10000319,2025FA,7907,3706,4201
10000320,2025FA,6110,892,5218
10000320,2025SP,3403,2749,654
10000321,2025FA,9369,824,8545
10000322,2025FA,6134,3392,2742
10000323,2025FA,4933,2340,2593
10000323,2025SP,4873,4132,741
10000324,2025FA,5544,3011,2533
10000324,2025SP,7296,4488,2808
10000325,2025FA,10684,3480,7204
10000326,2025FA,8766,5494,3272
10000326,2025SP,4664,4907,-243
10000327,2025FA,6313,3152,3161
10000327,2025SP,4353,2330,2023
10000328,2025FA,8047,6516,1531
10000328,2025SP,8647,2117,6530
10000329,2025FA,4857,2609,2248
10000329,2025SP,3747,5208,-1461
10000330,2025FA,4526,1565,2961
10000331,2025FA,8722,4656,4066
10000331,2025SP,4786,3781,1005
10000332,2025FA,5246,2737,2509
10000333,2025FA,5515,7049,-1534
10000334,2025FA,4883,3952,931
10000334,2025SP,4402,2494,1908
10000335,2025FA,4685,2280,2405
10000335,2025SP,4350,1522,2828
10000336,2025FA,7287,2205,5082
10000337,2025FA,9299,3141,6158
10000338,2025FA,5089,6870,-1781
10000338,2025SP,4095,1357,2738
10000339,2025FA,4674,3185,1489
10000340,2025FA,4419,4422,-3
10000340,2025SP,3989,1431,2558
10000341,2025FA,4701,4387,314
10000342,2025FA,4924,2140,2784
10000342,2025SP,4662,2203,2459
10000343,2025FA,4781,2877,1904
10000344,2025FA,6184,1077,5107
10000345,2025FA,11275,3129,8146
10000345,2025SP,3724,6257,-2533
10000346,2025FA,8550,625,7925
10000346,2025SP,4365,2436,1929
10000347,2025FA,5003,3069,1934
10000347,2025SP,4349,5248,-899
10000348,2025FA,5227,2624,2603
10000349,2025FA,9461,4856,4605
10000350,2025FA,6545,3550,2995
10000350,2025SP,4703,1533,3170
10000351,2025FA,4906,4735,171
10000352,2025FA,9983,4359,5624
10000353,2025FA,5268,397,4871
10000353,2025SP,8099,5156,2943
10000354,2025FA,5479,4947,532
10000355,2025FA,10507,2375,8132
10000356,2025FA,9303,5388,3915
10000357,2025FA,10764,619,10145
10000357,2025SP,3643,2942,701
10000358,2025FA,9254,417,8837
10000359,2025FA,7957,4857,3100
10000360,2025FA,4546,1942,2604
10000361,2025FA,6203,3514,2689
10000361,2025SP,3307,2003,1304
10000362,2025FA,5415,3349,2066
10000363,2025FA,4881,4520,361
10000363,2025SP,6799,3921,2878
10000364,2025FA,10614,1196,9418
10000365,2025FA,4857,4984,-127
10000365,2025SP,7495,1270,6225
10000366,2025FA,8593,2182,6411
10000367,2025FA,5786,4498,1288
10000368,2025FA,9476,3715,5761
10000368,2025SP,8802,2034,6768
10000369,2025FA,8159,4671,3488
10000370,2025FA,5252,2401,2851
10000370,2025SP,8665,3463,5202
10000371,2025FA,4925,827,4098
10000372,2025FA,4457,5757,-1300
10000373,2025FA,5054,6964,-1910
10000374,2025FA,4544,3858,686
10000375,2025FA,4661,5210,-549
10000375,2025SP,3857,3214,643
10000376,2025FA,4327,2938,1389
10000377,2025FA,4449,1388,3061
10000378,2025FA,4843,5785,-942
10000378,2025SP,4915,1552,3363
10000379,2025FA,5062,3837,1225
10000380,2025FA,5555,3957,1598
10000380,2025SP,3536,5385,-1849
10000381,2025FA,4847,3998,849
10000382,2025FA,5195,3392,1803
10000382,2025SP,4796,929,3867
10000383,2025FA,4473,5880,-1407
10000384,2025FA,5602,4411,1191
10000384,2025SP,6011,3358,2653
10000385,2025FA,5378,2879,2499
10000386,2025FA,4751,3099,1652
10000387,2025FA,9432,1518,7914
10000387,2025SP,6873,585,6288
10000388,2025FA,4810,3010,1800
10000389,2025FA,8780,5117,3663
10000390,2025FA,5370,2743,2627
10000390,2025SP,8812,3054,5758
10000391,2025FA,9265,2444,6821
10000392,2025FA,11407,3618,7789
10000393,2025FA,5215,1223,3992
10000394,2025FA,5648,6652,-1004
10000394,2025SP,4109,1612,2497
10000395,2025FA,5000,2879,2121
10000396,2025FA,5818,4505,1313
10000397,2025FA,8790,780,8010
10000398,2025FA,5858,374,5484
10000399,2025FA,6208,1709,4499
10000400,2025FA,4556,318,4238
10000400,2025SP,4387,3705,682
10000401,2025FA,8821,901,7920
10000402,2025FA,9431,4362,5069
10000403,2025FA,5993,6199,-206
10000404,2025FA,6306,6287,19
10000404,2025SP,4065,7473,-3408
10000405,2025FA,6154,4140,2014
10000406,2025FA,4874,2099,2775
10000406,2025SP,6618,3613,3005
10000407,2025FA,6306,1789,4517
10000408,2025FA,4735,1760,2975
10000409,2025FA,5127,1707,3420
10000409,2025SP,4362,4038,324
10000410,2025FA,5224,6234,-1010
10000411,2025FA,4654,4514,140
10000411,2025SP,4896,449,4447
10000412,2025FA,4424,5509,-1085
10000413,2025FA,8701,623,8078
10000413,2025SP,5053,4849,204
10000414,2025FA,5772,2865,2907
10000415,2025FA,12539,4743,7796
10000416,2025FA,4412,258,4154
10000416,2025SP,3356,4418,-1062
10000417,2025FA,5757,1474,4283
10000418,2025FA,6065,4736,1329
10000419,2025FA,4332,2581,1751
10000419,2025SP,5058,7191,-2133
10000420,2025FA,4705,2530,2175
10000421,2025FA,9370,2533,6837
10000421,2025SP,4533,3764,769
10000422,2025FA,4766,1773,2993
10000422,2025SP,4882,6075,-1193
10000423,2025FA,4830,4599,231
10000424,2025FA,4356,5729,-1373
10000424,2025SP,5257,1231,4026
10000425,2025FA,5595,1643,3952
10000426,2025FA,8615,2069,6546
10000426,2025SP,6688,4068,2620
10000427,2025FA,5478,4492,986
10000427,2025SP,4403,4837,-434
10000428,2025FA,4742,7467,-2725
10000429,2025FA,5869,6539,-670
10000430,2025FA,4454,5172,-718
10000431,2025FA,8617,2681,5936
10000432,2025FA,5042,2190,2852
10000433,2025FA,4680,2289,2391
10000434,2025FA,6072,702,5370
10000435,2025FA,5777,6414,-637
10000435,2025SP,3734,1921,1813
10000436,2025FA,5252,1204,4048
10000436,2025SP,8817,3884,4933
10000437,2025FA,5128,6782,-1654
10000438,2025FA,8135,4814,3321
10000438,2025SP,6619,3368,3251
10000439,2025FA,11449,3688,7761
10000440,2025FA,5083,3520,1563
10000441,2025FA,11970,3931,8039
10000442,2025FA,4319,2129,2190
10000443,2025FA,9397,1908,7489
10000443,2025SP,4316,4034,282
10000444,2025FA,10043,2474,7569
10000444,2025SP,4445,966,3479
10000445,2025FA,5263,5978,-715
10000445,2025SP,8566,3111,5455
10000446,2025FA,4857,1990,2867
10000447,2025FA,6112,1664,4448
10000448,2025FA,4657,3555,1102
10000448,2025SP,7953,3583,4370
10000449,2025FA,4426,4313,113
10000449,2025SP,4920,1667,3253
10000450,2025FA,4856,3096,1760
10000451,2025FA,4468,2248,2220
10000452,2025FA,6229,929,5300
10000452,2025SP,3849,4733,-884
10000453,2025FA,5050,876,4174
10000453,2025SP,3618,3108,510
10000454,2025FA,9311,407,8904
10000454,2025SP,4526,3972,554
10000455,2025FA,5133,4838,295
10000455,2025SP,3334,2654,680
10000456,2025FA,8183,2308,5875
10000457,2025FA,6087,832,5255
10000457,2025SP,3736,6994,-3258
10000458,2025FA,8074,1408,6666
10000459,2025FA,4922,3817,1105
10000460,2025FA,4897,1538,3359
10000461,2025FA,5543,5083,460
10000462,2025FA,4779,1537,3242
10000463,2025FA,4392,3048,1344
10000464,2025FA,10735,3450,7285
10000464,2025SP,4824,3179,1645
10000465,2025FA,9255,3748,5507
10000466,2025FA,4390,2975,1415
10000466,2025SP,3430,4580,-1150
10000467,2025FA,5375,2540,2835
10000467,2025SP,4924,1809,3115
10000468,2025FA,6280,1023,5257
10000469,2025FA,4926,2479,2447
10000470,2025FA,6277,927,5350
10000471,2025FA,5069,2544,2525
10000471,2025SP,8789,1459,7330
10000472,2025FA,10585,2933,7652
10000473,2025FA,8690,6319,2371
10000474,2025FA,5274,3941,1333
10000474,2025SP,4845,1659,3186
10000475,2025FA,5757,3725,2032
10000475,2025SP,4843,4424,419
10000476,2025FA,4472,2153,2319
10000476,2025SP,3539,7294,-3755
10000477,2025FA,9248,1740,7508
10000478,2025FA,12093,5270,6823
10000478,2025SP,3720,2232,1488
10000479,2025FA,10043,2707,7336
10000480,2025FA,11317,890,10427
10000480,2025SP,3967,4507,-540
10000481,2025FA,4511,4545,-34
10000481,2025SP,9337,5895,3442
10000482,2025FA,11438,5412,6026
10000483,2025FA,4927,2862,2065
10000484,2025FA,4695,2345,2350
10000485,2025FA,4507,3393,1114
10000486,2025FA,4860,4336,524
10000486,2025SP,9292,5266,4026
10000487,2025FA,4312,3832,480
10000488,2025FA,5616,1581,4035
10000488,2025SP,9965,2144,7821
10000489,2025FA,4832,2860,1972
10000489,2025SP,7977,2533,5444
10000490,2025FA,11418,2269,9149
10000491,2025FA,11223,4839,6384
10000491,2025SP,4370,1431,2939
10000492,2025FA,6160,3561,2599
10000493,2025FA,4870,2164,2706
10000493,2025SP,8699,2723,5976
10000494,2025FA,4467,1430,3037
10000495,2025FA,5996,2391,3605
10000496,2025FA,8124,1487,6637
10000496,2025SP,6880,1964,4916
10000497,2025FA,4435,6975,-2540
10000498,2025FA,11290,2485,8805
10000498,2025SP,4311,3811,500
10000499,2025FA,7907,974,6933
10000499,2025SP,7285,1717,5568
10000500,2025FA,6149,2891,3258
10000501,2025FA,8005,3171,4834
10000502,2025FA,11288,3253,8035
10000502,2025SP,3670,3606,64
10000503,2025FA,4894,1479,3415
10000503,2025SP,4721,2838,1883
10000504,2025FA,4717,4550,167
10000505,2025FA,9226,2679,6547
10000506,2025FA,4524,3114,1410
10000506,2025SP,6864,3527,3337
10000507,2025FA,9323,3044,6279
10000508,2025FA,4748,1942,2806
10000508,2025SP,6802,4599,2203
10000509,2025FA,4510,6234,-1724
10000510,2025FA,8744,1120,7624
10000510,2025SP,4120,5207,-1087
10000511,2025FA,4870,2933,1937
10000511,2025SP,5253,3011,2242
10000512,2025FA,5190,4161,1029
10000513,2025FA,5943,5642,301
10000513,2025SP,3661,2300,1361
10000514,2025FA,6178,3338,2840
10000514,2025SP,4168,2669,1499
10000515,2025FA,9929,2658,7271
10000515,2025SP,4945,3764,1181
10000516,2025FA,8073,3369,4704
10000517,2025FA,6201,3765,2436
10000518,2025FA,11414,3411,8003
10000519,2025FA,8061,3568,4493
10000519,2025SP,3848,4740,-892
10000520,2025FA,5024,4816,208
10000520,2025SP,3367,3471,-104
10000521,2025FA,4541,2209,2332
10000522,2025FA,4479,3664,815
10000523,2025FA,11386,876,10510
10000524,2025FA,5462,3691,1771
10000525,2025FA,4449,1269,3180
10000526,2025FA,4482,3483,999
10000527,2025FA,11306,3326,7980
10000527,2025SP,5601,2487,3114
10000528,2025FA,10659,3933,6726
10000528,2025SP,6100,3339,2761
10000529,2025FA,8071,3354,4717
10000530,2025FA,6256,4696,1560
10000531,2025FA,6317,4334,1983
10000532,2025FA,8654,4744,3910
10000533,2025FA,10538,1359,9179
10000533,2025SP,4661,1445,3216
10000534,2025FA,5428,1342,4086
10000535,2025FA,4657,6337,-1680
10000535,2025SP,4906,4682,224
10000536,2025FA,5807,4934,873
10000537,2025FA,4685,2435,2250
10000538,2025FA,7992,1488,6504
10000538,2025SP,4598,4793,-195
10000539,2025FA,5461,1549,3912
10000539,2025SP,5953,1155,4798
10000540,2025FA,11819,421,11398
10000541,2025FA,4803,325,4478
10000542,2025FA,4440,1559,2881
10000542,2025SP,4420,3293,1127
10000543,2025FA,10712,4946,5766
10000543,2025SP,8797,3186,5611
10000544,2025FA,5594,2434,3160
10000544,2025SP,3866,4426,-560
10000545,2025FA,7972,4766,3206
10000546,2025FA,4491,3681,810
10000547,2025FA,5512,1704,3808
10000548,2025FA,4818,5123,-305
10000548,2025SP,3532,4289,-757
10000549,2025FA,5054,3806,1248
10000549,2025SP,3726,4833,-1107
10000550,2025FA,5963,2322,3641
10000550,2025SP,3609,878,2731
10000551,2025FA,5847,2255,3592
10000552,2025FA,5453,5038,415
10000553,2025FA,4406,1682,2724
10000554,2025FA,5107,5686,-579
10000555,2025FA,8052,4243,3809
10000556,2025FA,9998,4505,5493
10000556,2025SP,6135,2320,3815
10000557,2025FA,5772,5039,733
10000558,2025FA,4554,5950,-1396
10000558,2025SP,3731,4720,-989
10000559,2025FA,11346,3049,8297
10000559,2025SP,3718,513,3205
10000560,2025FA,9303,5264,4039
10000561,2025FA,11256,3960,7296
10000562,2025FA,4526,5475,-949
10000562,2025SP,5142,1619,3523
10000563,2025FA,10582,3587,6995
10000564,2025FA,5727,1000,4727
10000565,2025FA,4300,4902,-602
10000565,2025SP,3510,5226,-1716
10000566,2025FA,5550,5154,396
10000566,2025SP,9902,2885,7017
10000567,2025FA,4484,3940,544
10000568,2025FA,5214,2415,2799
10000568,2025SP,7340,631,6709
10000569,2025FA,5973,2003,3970
10000569,2025SP,6629,1115,5514
10000570,2025FA,6266,1683,4583
10000571,2025FA,4537,2151,2386
10000572,2025FA,4871,3120,1751
10000573,2025FA,5069,5461,-392
10000573,2025SP,4318,2760,1558
10000574,2025FA,6246,4777,1469
10000575,2025FA,9211,5145,4066
10000576,2025FA,4308,5233,-925
10000577,2025FA,5360,4251,1109
10000577,2025SP,8691,1620,7071
10000578,2025FA,4821,3008,1813
10000579,2025FA,5237,2959,2278
10000579,2025SP,4174,2422,1752
10000580,2025FA,5194,471,4723
10000581,2025FA,5110,2504,2606
10000582,2025FA,4833,2605,2228
10000583,2025FA,9412,3834,5578
10000583,2025SP,4585,1885,2700
10000584,2025FA,9299,4852,4447
10000585,2025FA,11374,2987,8387
10000586,2025FA,4737,653,4084
10000587,2025FA,9945,3726,6219
10000588,2025FA,4489,5620,-1131
10000589,2025FA,5762,1756,4006
10000589,2025SP,3854,3366,488
10000590,2025FA,6179,3980,2199
10000590,2025SP,8718,2244,6474
10000591,2025FA,6258,3280,2978
10000591,2025SP,3391,2591,800
10000592,2025FA,6248,7102,-854
10000592,2025SP,8630,2699,5931
10000593,2025FA,4767,2750,2017
10000594,2025FA,4791,1961,2830
10000595,2025FA,5497,5657,-160
10000595,2025SP,3723,3587,136
10000596,2025FA,4861,7165,-2304
10000596,2025SP,4347,3309,1038
10000597,2025FA,6186,3802,2384
10000598,2025FA,4887,3438,1449
10000598,2025SP,4793,4486,307
10000599,2025FA,4908,2949,1959
10000600,2025FA,5477,3722,1755
10000601,2025FA,4371,7136,-2765
10000602,2025FA,8704,3512,5192
10000602,2025SP,3295,1956,1339
10000603,2025FA,5800,2152,3648
10000604,2025FA,11323,6472,4851
10000605,2025FA,6065,3551,2514
10000605,2025SP,8039,3555,4484
10000606,2025FA,5504,378,5126
10000606,2025SP,3873,1838,2035
10000607,2025FA,4869,3827,1042
10000607,2025SP,4862,6136,-1274
10000608,2025FA,6335,2922,3413
10000608,2025SP,3978,1917,2061
10000609,2025FA,5970,4845,1125
10000610,2025FA,4784,5737,-953
10000610,2025SP,3411,3456,-45
10000611,2025FA,5568,1228,4340
10000611,2025SP,3815,3326,489
10000612,2025FA,4736,3445,1291
10000612,2025SP,4541,1641,2900
10000613,2025FA,5119,4499,620
10000614,2025FA,4856,5323,-467
10000615,2025FA,4914,1466,3448
10000615,2025SP,7403,5053,2350
10000616,2025FA,10138,4589,5549
10000616,2025SP,5018,1929,3089
10000617,2025FA,4426,4504,-78
10000617,2025SP,3889,4559,-670
10000618,2025FA,4657,2993,1664
10000619,2025FA,5081,526,4555
10000620,2025FA,6473,5476,997
10000620,2025SP,4881,2472,2409
10000621,2025FA,11981,3328,8653
10000621,2025SP,5218,2650,2568
10000622,2025FA,11267,4805,6462
10000623,2025FA,4723,1434,3289
10000624,2025FA,5489,3105,2384
10000624,2025SP,6092,3153,2939
10000625,2025FA,5482,1421,4061
10000625,2025SP,6225,4126,2099
10000626,2025FA,10088,2450,7638
10000626,2025SP,4934,6264,-1330
10000627,2025FA,10144,1859,8285
10000627,2025SP,4749,1819,2930
10000628,2025FA,5975,3194,2781
10000628,2025SP,8155,4443,3712
10000629,2025FA,5072,5246,-174
10000629,2025SP,4758,3672,1086
10000630,2025FA,5290,2432,2858
10000630,2025SP,6194,4673,1521
10000631,2025FA,5091,4378,713
10000632,2025FA,4746,1763,2983
10000633,2025FA,9441,2874,6567
10000634,2025FA,5546,3389,2157
10000634,2025SP,4752,6040,-1288
10000635,2025FA,4740,3091,1649
10000635,2025SP,6859,5161,1698
10000636,2025FA,8640,3463,5177
10000637,2025FA,9238,4110,5128
10000638,2025FA,9301,5904,3397
10000639,2025FA,5440,4813,627
10000640,2025FA,4579,2246,2333
10000640,2025SP,4327,5034,-707
10000641,2025FA,5792,4360,1432
10000642,2025FA,10757,2412,8345
10000642,2025SP,3892,3810,82
10000643,2025FA,5037,4121,916
10000643,2025SP,7388,5107,2281
10000644,2025FA,4712,4352,360
10000644,2025SP,3824,3997,-173
10000645,2025FA,6299,3459,2840
10000646,2025FA,5010,3395,1615
10000647,2025FA,5190,5854,-664
10000647,2025SP,3838,5468,-1630
10000648,2025FA,4477,3750,727
10000649,2025FA,4319,4638,-319
10000650,2025FA,4402,5171,-769
10000651,2025FA,4900,3277,1623
10000652,2025FA,5764,3470,2294
10000653,2025FA,4355,7353,-2998
10000653,2025SP,3852,2812,1040
10000654,2025FA,6165,2417,3748
10000655,2025FA,4356,3824,532
10000656,2025FA,5993,5250,743
10000656,2025SP,3990,3495,495
10000657,2025FA,6877,1896,4981
10000658,2025FA,9415,4463,4952
10000659,2025FA,5232,4662,570
10000659,2025SP,4035,1321,2714
10000660,2025FA,4848,5658,-810
10000661,2025FA,5850,901,4949
10000662,2025FA,6064,1723,4341
10000663,2025FA,9923,5551,4372
10000663,2025SP,5019,2920,2099
10000664,2025FA,5487,4884,603
10000665,2025FA,4692,3133,1559
10000665,2025SP,4381,1923,2458
10000666,2025FA,4357,3170,1187
10000666,2025SP,4472,1431,3041
10000667,2025FA,4817,4332,485
10000668,2025FA,4723,1271,3452
10000668,2025SP,5212,4147,1065
10000669,2025FA,6635,6829,-194
10000670,2025FA,8810,3668,5142
10000670,2025SP,4682,3134,1548
10000671,2025FA,4835,4313,522
10000671,2025SP,4373,3940,433
10000672,2025FA,5557,6243,-686
10000672,2025SP,4345,1482,2863
10000673,2025FA,4548,4202,346
10000674,2025FA,8663,5440,3223
10000675,2025FA,5647,3618,2029
10000676,2025FA,11275,1988,9287
10000676,2025SP,3285,4696,-1411
10000677,2025FA,5434,2881,2553
10000678,2025FA,4415,515,3900
10000678,2025SP,3643,5292,-1649
10000679,2025FA,9937,1860,8077
10000679,2025SP,5028,3872,1156
10000680,2025FA,5065,2688,2377
10000680,2025SP,9998,3844,6154
10000681,2025FA,4739,4367,372
10000681,2025SP,3360,2767,593
10000682,2025FA,4843,1269,3574
10000682,2025SP,5096,4147,949
10000683,2025FA,5806,2186,3620
10000684,2025FA,4818,1373,3445
10000684,2025SP,3463,7234,-3771
10000685,2025FA,5894,2660,3234
10000685,2025SP,9985,1641,8344
10000686,2025FA,4542,263,4279
10000687,2025FA,11984,3863,8121
10000688,2025FA,10506,4343,6163
10000688,2025SP,9412,4917,4495
10000689,2025FA,8556,522,8034
10000689,2025SP,8573,3357,5216
10000690,2025FA,8183,1087,7096
10000691,2025FA,4719,2729,1990
10000692,2025FA,4858,3342,1516
10000693,2025FA,4910,2489,2421
10000694,2025FA,11301,5416,5885
10000695,2025FA,6633,5223,1410
10000695,2025SP,4692,6934,-2242
10000696,2025FA,6193,432,5761
10000696,2025SP,6837,1655,5182
10000697,2025FA,4753,2515,2238
10000697,2025SP,4879,1502,3377
10000698,2025FA,4306,2990,1316
10000699,2025FA,8708,5730,2978
10000700,2025FA,4526,6362,-1836
10000700,2025SP,3483,4120,-637
10000701,2025FA,5079,1015,4064
10000702,2025FA,5091,3340,1751
10000703,2025FA,5256,6311,-1055
10000704,2025FA,4918,1911,3007
10000705,2025FA,5631,3851,1780
10000705,2025SP,5398,6174,-776
10000706,2025FA,6572,1429,5143
10000707,2025FA,10051,6887,3164
10000707,2025SP,8814,3556,5258
10000708,2025FA,5102,3863,1239
10000708,2025SP,5276,5582,-306
10000709,2025FA,8030,4488,3542
10000710,2025FA,7997,2872,5125
10000711,2025FA,5196,1919,3277
10000712,2025FA,5551,1281,4270
10000712,2025SP,5223,790,4433
10000713,2025FA,8697,5775,2922
10000714,2025FA,4780,4494,286
10000714,2025SP,4896,1791,3105
10000715,2025FA,5173,3990,1183
10000715,2025SP,5999,7179,-1180
10000716,2025FA,9218,927,8291
10000717,2025FA,5522,1874,3648
10000718,2025FA,8731,3077,5654
10000719,2025FA,8020,5404,2616
10000719,2025SP,7526,3473,4053
10000720,2025FA,9271,1863,7408
10000721,2025FA,10589,3925,6664
10000721,2025SP,4421,5031,-610
10000722,2025FA,5124,4106,1018
10000723,2025FA,5782,4568,1214
10000723,2025SP,4591,3180,1411
10000724,2025FA,4876,5019,-143
10000725,2025FA,12076,2004,10072
10000726,2025FA,5106,2937,2169
10000727,2025FA,10694,3885,6809
10000727,2025SP,3435,1584,1851
10000728,2025FA,8094,1932,6162
10000729,2025FA,9232,2851,6381
10000730,2025FA,8037,3867,4170
10000730,2025SP,3810,5056,-1246
10000731,2025FA,10634,352,10282
10000731,2025SP,8664,4131,4533
10000732,2025FA,7934,4737,3197
10000732,2025SP,3460,4559,-1099
10000733,2025FA,6190,825,5365
10000733,2025SP,3685,2096,1589
10000734,2025FA,8725,2824,5901
10000735,2025FA,8766,3708,5058
10000736,2025FA,10576,2663,7913
10000736,2025SP,6828,1675,5153
10000737,2025FA,11282,216,11066
10000737,2025SP,3996,4525,-529
10000738,2025FA,6063,420,5643
10000738,2025SP,6121,2431,3690
10000739,2025FA,5121,6542,-1421
10000740,2025FA,5046,2834,2212
10000740,2025SP,3738,3949,-211
10000741,2025FA,5098,2412,2686
10000741,2025SP,8173,3568,4605
10000742,2025FA,5909,463,5446
10000742,2025SP,5059,4315,744
10000743,2025FA,5269,1909,3360
10000743,2025SP,4549,1701,2848
10000744,2025FA,10682,3434,7248
10000744,2025SP,3362,2138,1224
10000745,2025FA,4925,1860,3065
10000745,2025SP,4810,1276,3534
10000746,2025FA,4927,8008,-3081
10000747,2025FA,5090,3037,2053
10000747,2025SP,3378,5834,-2456
10000748,2025FA,4931,1166,3765
10000748,2025SP,4075,2034,2041
10000749,2025FA,5252,4281,971
10000750,2025FA,7914,5408,2506
10000751,2025FA,10587,1980,8607
10000751,2025SP,4779,6372,-1593
10000752,2025FA,9964,3713,6251
10000752,2025SP,3352,1906,1446
10000753,2025FA,4660,4893,-233
10000754,2025FA,5292,3735,1557
10000754,2025SP,4331,4139,192
10000755,2025FA,4804,4100,704
10000756,2025FA,4784,4810,-26
10000757,2025FA,5499,2710,2789
10000757,2025SP,7504,3376,4128
10000758,2025FA,5732,2581,3151
10000759,2025FA,6639,668,5971
10000760,2025FA,8795,3698,5097
10000761,2025FA,8707,5028,3679
10000761,2025SP,8773,1229,7544
10000762,2025FA,8655,3741,4914
10000762,2025SP,6029,6013,16
10000763,2025FA,5493,833,4660
10000763,2025SP,3982,3144,838
10000764,2025FA,8017,1107,6910
10000764,2025SP,6052,6224,-172
10000765,2025FA,4919,3779,1140
10000766,2025FA,5238,3022,2216
10000766,2025SP,4054,2169,1885
10000767,2025FA,5137,2412,2725
10000767,2025SP,4351,1629,2722
10000768,2025FA,4941,2938,2003
10000769,2025FA,9902,2173,7729
10000769,2025SP,3841,5335,-1494
10000770,2025FA,9960,4242,5718
10000770,2025SP,9898,5534,4364
10000771,2025FA,4801,452,4349
10000772,2025FA,10777,5503,5274
10000772,2025SP,5564,2785,2779
10000773,2025FA,10774,3519,7255
10000773,2025SP,3289,2224,1065
10000774,2025FA,11922,5116,6806
10000775,2025FA,4305,4842,-537
10000775,2025SP,8842,786,8056
10000776,2025FA,8831,3868,4963
10000777,2025FA,5009,3590,1419
10000778,2025FA,8829,5467,3362
10000778,2025SP,6622,4792,1830
10000779,2025FA,5752,4563,1189
10000779,2025SP,8582,5577,3005
10000780,2025FA,6642,3766,2876
10000780,2025SP,7465,5901,1564
10000781,2025FA,5260,3320,1940
10000781,2025SP,4435,2591,1844
10000782,2025FA,4820,3796,1024
10000782,2025SP,4367,2782,1585
10000783,2025FA,5117,4776,341
10000783,2025SP,5353,1511,3842
10000784,2025FA,4449,987,3462
10000785,2025FA,5272,4662,610
10000786,2025FA,8759,3534,5225
10000786,2025SP,3813,2797,1016
10000787,2025FA,5700,4205,1495
10000787,2025SP,4213,3671,542
10000788,2025FA,5467,1352,4115
10000788,2025SP,3840,2705,1135
10000789,2025FA,5033,2540,2493
10000790,2025FA,4682,377,4305
10000791,2025FA,11801,3196,8605
10000792,2025FA,4494,707,3787
10000792,2025SP,4328,7236,-2908
10000793,2025FA,4830,2830,2000
10000794,2025FA,4653,6105,-1452
10000795,2025FA,5227,3693,1534
10000796,2025FA,8679,1719,6960
10000797,2025FA,5231,3416,1815
10000797,2025SP,5299,1789,3510
10000798,2025FA,8783,3915,4868
10000798,2025SP,4758,4121,637
10000799,2025FA,4769,2043,2726
10000800,2025FA,4699,3854,845
10000801,2025FA,4762,4236,526
10000802,2025FA,4727,362,4365
10000803,2025FA,9385,2306,7079
10000803,2025SP,4897,689,4208
10000804,2025FA,5234,4865,369
10000805,2025FA,4303,2328,1975
10000806,2025FA,10521,3955,6566
10000807,2025FA,5891,4034,1857
10000808,2025FA,11922,1649,10273
10000809,2025FA,4676,304,4372
10000810,2025FA,5711,3764,1947
10000810,2025SP,6664,4378,2286
10000811,2025FA,4852,4052,800
10000811,2025SP,4791,3337,1454
10000812,2025FA,10762,4142,6620
10000813,2025FA,5904,4276,1628
10000814,2025FA,9336,4474,4862
10000815,2025FA,4372,4644,-272
10000815,2025SP,8841,1437,7404
10000816,2025FA,5491,5290,201
10000816,2025SP,4889,602,4287
10000817,2025FA,4840,712,4128
10000818,2025FA,6149,4018,2131
10000819,2025FA,4520,2541,1979
10000820,2025FA,8748,214,8534
10000821,2025FA,6315,1152,5163
10000822,2025FA,8090,2592,5498
10000822,2025SP,3638,1841,1797
10000823,2025FA,8662,1538,7124
10000823,2025SP,4495,7294,-2799
10000824,2025FA,4451,4226,225
10000825,2025FA,4828,2484,2344
10000826,2025FA,9446,2548,6898
10000827,2025FA,5435,2349,3086
10000828,2025FA,4469,3241,1228
10000828,2025SP,5088,1652,3436
10000829,2025FA,5047,4212,835
10000829,2025SP,5972,2905,3067
10000830,2025FA,4458,4080,378
10000831,2025FA,10114,2914,7200
10000832,2025FA,8790,1460,7330
10000833,2025FA,4798,1363,3435
10000834,2025FA,4738,5165,-427
10000835,2025FA,10503,545,9958
10000835,2025SP,5207,2061,3146
10000836,2025FA,8728,906,7822
10000837,2025FA,9906,6018,3888
10000838,2025FA,7980,4694,3286
10000838,2025SP,4786,1770,3016
10000839,2025FA,4344,2052,2292
10000840,2025FA,4589,3561,1028
10000841,2025FA,5171,5272,-101
10000842,2025FA,4386,278,4108
10000842,2025SP,3254,1591,1663
10000843,2025FA,8090,2474,5616
10000843,2025SP,3472,1071,2401
10000844,2025FA,9982,4132,5850
10000845,2025FA,5768,1863,3905
10000846,2025FA,9239,1139,8100
10000846,2025SP,6004,2437,3567
10000847,2025FA,5072,7118,-2046
10000847,2025SP,3669,827,2842
10000848,2025FA,8772,2933,5839
10000849,2025FA,4563,1117,3446
10000850,2025FA,4409,3934,475
10000851,2025FA,5604,7445,-1841
10000852,2025FA,9280,6658,2622
10000852,2025SP,9487,1806,7681
10000853,2025FA,4448,5703,-1255
10000854,2025FA,4914,2133,2781
10000854,2025SP,3441,4146,-705
10000855,2025FA,4918,4338,580
10000856,2025FA,5179,5612,-433
10000856,2025SP,6602,3872,2730
10000857,2025FA,6070,2750,3320
10000857,2025SP,5951,5763,188
10000858,2025FA,11872,3592,8280
10000859,2025FA,6276,3624,2652
10000860,2025FA,4507,3464,1043
10000861,2025FA,4850,1933,2917
10000862,2025FA,4657,3844,813
10000863,2025FA,6059,871,5188
10000864,2025FA,11283,3043,8240
10000864,2025SP,5516,2590,2926
10000865,2025FA,5843,1525,4318
10000865,2025SP,9407,2816,6591
10000866,2025FA,5256,5115,141
10000867,2025FA,4942,4403,539
10000868,2025FA,4688,1495,3193
10000868,2025SP,3866,6075,-2209
10000869,2025FA,6322,2804,3518
10000869,2025SP,6725,897,5828
10000870,2025FA,7919,3778,4141
10000871,2025FA,9482,6000,3482
10000871,2025SP,7470,2474,4996
10000872,2025FA,5127,2727,2400
10000873,2025FA,9301,4561,4740
10000874,2025FA,5051,4754,297
10000874,2025SP,6746,3140,3606
10000875,2025FA,9378,2565,6813
10000875,2025SP,6792,1876,4916
10000876,2025FA,5512,1196,4316
10000876,2025SP,5005,5085,-80
10000877,2025FA,4831,2976,1855
10000878,2025FA,8619,4189,4430
10000878,2025SP,4307,1249,3058
10000879,2025FA,5000,2430,2570
10000880,2025FA,5428,2473,2955
10000881,2025FA,6930,1822,5108
10000882,2025FA,4692,3149,1543
10000883,2025FA,4724,1491,3233
10000884,2025FA,6133,4255,1878
10000885,2025FA,4760,2003,2757
10000886,2025FA,5359,2112,3247
10000887,2025FA,5122,3598,1524
10000888,2025FA,11940,1390,10550
10000888,2025SP,3821,6809,-2988
10000889,2025FA,4301,4980,-679
10000890,2025FA,5072,6019,-947
10000890,2025SP,5178,1609,3569
10000891,2025FA,5106,2508,2598
10000891,2025SP,5579,5317,262
10000892,2025FA,8035,2603,5432
10000893,2025FA,4754,1490,3264
10000893,2025SP,9416,4603,4813
10000894,2025FA,9319,1962,7357
10000895,2025FA,4300,3160,1140
10000896,2025FA,5186,2763,2423
10000897,2025FA,5730,2792,2938
10000898,2025FA,8781,1717,7064
10000899,2025FA,10775,2078,8697
10000900,2025FA,9316,6110,3206
10000900,2025SP,7981,1620,6361
10000901,2025FA,8848,2795,6053
10000902,2025FA,4718,3271,1447
10000903,2025FA,9955,433,9522
10000904,2025FA,5901,6076,-175
10000904,2025SP,3436,2037,1399
10000905,2025FA,4498,1866,2632
10000905,2025SP,9240,1418,7822
10000906,2025FA,8599,3464,5135
10000906,2025SP,6051,1352,4699
10000907,2025FA,12034,1531,10503
10000907,2025SP,4842,1858,2984
10000908,2025FA,5934,6462,-528
10000908,2025SP,3700,722,2978
10000909,2025FA,9450,5604,3846
10000909,2025SP,4929,1484,3445
10000910,2025FA,9894,1314,8580
10000911,2025FA,5821,3852,1969
10000912,2025FA,4756,7197,-2441
10000912,2025SP,5186,1575,3611
10000913,2025FA,4509,7780,-3271
10000913,2025SP,4776,3795,981
10000914,2025FA,11868,4222,7646
10000914,2025SP,7357,3538,3819
10000915,2025FA,5375,3948,1427
10000915,2025SP,4920,1330,3590
10000916,2025FA,5808,3813,1995
10000917,2025FA,4865,1460,3405
10000917,2025SP,4381,3372,1009
10000918,2025FA,6247,2154,4093
10000918,2025SP,4138,1606,2532
10000919,2025FA,4431,5183,-752
10000919,2025SP,3713,2274,1439
10000920,2025FA,5076,1250,3826
10000920,2025SP,3862,3487,375
10000921,2025FA,8649,3452,5197
10000921,2025SP,4770,3669,1101
10000922,2025FA,5438,4579,859
10000923,2025FA,9227,6150,3077
10000924,2025FA,5833,4287,1546
10000924,2025SP,8831,853,7978
10000925,2025FA,5710,4325,1385
10000925,2025SP,9403,4699,4704
10000926,2025FA,4597,5484,-887
10000927,2025FA,6333,3093,3240
10000927,2025SP,6732,1616,5116
10000928,2025FA,4799,2853,1946
10000928,2025SP,3285,4507,-1222
10000929,2025FA,5143,1527,3616
10000930,2025FA,4678,3239,1439
10000931,2025FA,8665,5396,3269
10000932,2025FA,4919,1862,3057
10000933,2025FA,4552,4816,-264
10000933,2025SP,8770,3207,5563
10000934,2025FA,5415,1926,3489
10000935,2025FA,8558,3401,5157
10000936,2025FA,10640,3207,7433
10000937,2025FA,8625,3121,5504
10000938,2025FA,11306,3686,7620
10000938,2025SP,4482,3187,1295
10000939,2025FA,5564,238,5326
10000939,2025SP,8138,6234,1904
10000940,2025FA,5297,1854,3443
10000941,2025FA,5765,7322,-1557
10000941,2025SP,4035,3029,1006
10000942,2025FA,5163,2301,2862
10000943,2025FA,4904,1869,3035
10000944,2025FA,11157,4680,6477
10000944,2025SP,4929,2526,2403
10000945,2025FA,5789,2699,3090
10000946,2025FA,5190,629,4561
10000947,2025FA,4323,954,3369
10000948,2025FA,5852,2813,3039
10000949,2025FA,6060,512,5548
10000950,2025FA,9423,3961,5462
10000950,2025SP,3831,6457,-2626
10000951,2025FA,4771,2420,2351
10000952,2025FA,6181,3038,3143
10000952,2025SP,6798,5340,1458
10000953,2025FA,9205,4341,4864
10000954,2025FA,5625,1342,4283
10000955,2025FA,7928,2298,5630
10000955,2025SP,5488,5900,-412
10000956,2025FA,5272,4764,508
10000957,2025FA,8608,1950,6658
10000958,2025FA,6124,3456,2668
10000959,2025FA,4780,3971,809
10000959,2025SP,4652,5441,-789
10000960,2025FA,4551,3381,1170
10000960,2025SP,3525,1983,1542
10000961,2025FA,8719,4306,4413
10000961,2025SP,3265,2190,1075
10000962,2025FA,6218,1981,4237
10000963,2025FA,4466,3269,1197
10000963,2025SP,4740,2788,1952
10000964,2025FA,5077,3178,1899
10000965,2025FA,5718,4670,1048
10000965,2025SP,5105,567,4538
10000966,2025FA,8793,2607,6186
10000967,2025FA,12098,1537,10561
10000968,2025FA,4777,1999,2778
10000968,2025SP,8658,4441,4217
10000969,2025FA,12095,1630,10465
10000969,2025SP,3971,6245,-2274
10000970,2025FA,5071,2970,2101
10000971,2025FA,4793,1951,2842
10000972,2025FA,9869,6358,3511
10000973,2025FA,4834,6473,-1639
10000973,2025SP,4147,5327,-1180
10000974,2025FA,8064,3078,4986
10000975,2025FA,10633,3550,7083
10000975,2025SP,4452,1510,2942
10000976,2025FA,8622,6334,2288
10000977,2025FA,4659,2928,1731
10000977,2025SP,8764,865,7899
10000978,2025FA,5964,4784,1180
10000979,2025FA,5990,2888,3102
10000979,2025SP,6166,1477,4689
10000980,2025FA,5511,948,4563
10000981,2025FA,4678,2466,2212
10000982,2025FA,8811,4596,4215
10000982,2025SP,3781,3950,-169
10000983,2025FA,4390,1977,2413
10000984,2025FA,5423,3215,2208
10000985,2025FA,8697,1528,7169
10000986,2025FA,4855,1150,3705
10000986,2025SP,6711,6085,626
10000987,2025FA,6332,5580,752
10000987,2025SP,4947,1715,3232
10000988,2025FA,8660,4840,3820
10000989,2025FA,10607,3228,7379
10000989,2025SP,4686,2138,2548
10000990,2025FA,4817,2733,2084
10000990,2025SP,8842,2002,6840
10000991,2025FA,6208,1123,5085
10000991,2025SP,8601,2711,5890
10000992,2025FA,4700,3502,1198
10000992,2025SP,6810,2949,3861
10000993,2025FA,5832,2036,3796
10000994,2025FA,4683,3985,698
10000994,2025SP,8571,2721,5850
10000995,2025FA,5920,1718,4202
10000996,2025FA,4780,3440,1340
10000996,2025SP,8686,2009,6677
10000997,2025FA,4714,1536,3178
10000998,2025FA,4927,3012,1915
10000999,2025FA,7903,3135,4768
10001000,2025FA,4450,1477,2973
10001001,2025FA,4483,2791,1692
10001001,2025SP,8637,5492,3145
10001002,2025FA,5930,5025,905
10001003,2025FA,6494,6099,395
10001004,2025FA,6500,3786,2714
10001005,2025FA,8585,2620,5965
10001005,2025SP,5286,6042,-756
10001006,2025FA,4766,5700,-934
10001006,2025SP,3773,4857,-1084
10001007,2025FA,4913,3877,1036
10001008,2025FA,5019,1524,3495
10001009,2025FA,11440,3780,7660
10001009,2025SP,8180,6638,1542
10001010,2025FA,4349,3391,958
10001010,2025SP,3345,2510,835
10001011,2025FA,5012,2634,2378
10001011,2025SP,4180,2434,1746
10001012,2025FA,6284,5245,1039
10001013,2025FA,4573,4459,114
10001014,2025FA,4792,3990,802
10001015,2025FA,10577,736,9841
10001016,2025FA,8646,5884,2762
10001016,2025SP,5095,3429,1666
10001017,2025FA,8783,3519,5264
10001017,2025SP,5265,3857,1408
10001018,2025FA,6100,6382,-282
10001019,2025FA,10083,3249,6834
10001019,2025SP,5073,3365,1708
10001020,2025FA,8674,2071,6603
10001020,2025SP,3682,1248,2434
10001021,2025FA,8078,4388,3690
10001021,2025SP,4785,1181,3604
10001022,2025FA,6196,3536,2660
10001023,2025FA,5605,3576,2029
10001024,2025FA,7991,3045,4946
10001024,2025SP,4444,6319,-1875
10001025,2025FA,5929,2359,3570
10001025,2025SP,3543,5034,-1491
10001026,2025FA,5118,4229,889
10001027,2025FA,10559,4095,6464
10001027,2025SP,6008,2566,3442
10001028,2025FA,5125,5028,97
10001029,2025FA,11331,3411,7920
10001030,2025FA,5090,4323,767
10001031,2025FA,9426,1551,7875
10001032,2025FA,9303,1319,7984
10001033,2025FA,4752,5614,-862
10001033,2025SP,7356,373,6983
10001034,2025FA,4765,2522,2243
10001035,2025FA,6197,3375,2822
10001036,2025FA,8686,3078,5608
10001037,2025FA,9310,1996,7314
10001037,2025SP,4600,898,3702
10001038,2025FA,11847,1779,10068
10001039,2025FA,5873,3240,2633
10001040,2025FA,4858,2474,2384
10001041,2025FA,5123,2120,3003
10001041,2025SP,4237,4305,-68
10001042,2025FA,7909,4752,3157
10001043,2025FA,6874,4915,1959
10001043,2025SP,4160,2348,1812
10001044,2025FA,5859,2487,3372
10001045,2025FA,5201,3014,2187
10001046,2025FA,5946,2017,3929
10001046,2025SP,8844,4340,4504
10001047,2025FA,5403,2804,2599
10001048,2025FA,5433,1849,3584
10001049,2025FA,4501,2516,1985
10001050,2025FA,4929,5146,-217
10001051,2025FA,4900,256,4644
10001051,2025SP,4460,4146,314
10001052,2025FA,10665,5074,5591
10001053,2025FA,5862,2777,3085
10001054,2025FA,5026,2331,2695
10001054,2025SP,3606,3690,-84
10001055,2025FA,8723,2886,5837
10001055,2025SP,9465,1038,8427
10001056,2025FA,4917,4344,573
10001057,2025FA,6134,5005,1129
10001057,2025SP,6674,1639,5035
10001058,2025FA,4653,1195,3458
10001058,2025SP,5369,3834,1535
10001059,2025FA,5601,3622,1979
10001060,2025FA,4824,3442,1382
10001061,2025FA,5192,4688,504
10001062,2025FA,4542,492,4050
10001063,2025FA,4716,2200,2516
10001063,2025SP,4580,4551,29
10001064,2025FA,6466,2077,4389
10001065,2025FA,10531,1131,9400
10001066,2025FA,6228,2733,3495
10001067,2025FA,4861,2631,2230
10001068,2025FA,6221,5221,1000
10001069,2025FA,10028,3886,6142
10001069,2025SP,3522,2196,1326
10001070,2025FA,8812,4165,4647
10001071,2025FA,6229,5250,979
10001072,2025FA,9432,4009,5423
10001073,2025FA,12507,997,11510
10001074,2025FA,8779,5644,3135
10001074,2025SP,3683,6529,-2846
10001075,2025FA,4826,1216,3610
10001076,2025FA,5067,4331,736
10001077,2025FA,9447,5425,4022
10001077,2025SP,9462,3399,6063
10001078,2025FA,6114,4268,1846
10001079,2025FA,4922,1931,2991
10001079,2025SP,6139,3255,2884
10001080,2025FA,4779,2741,2038
10001081,2025FA,6122,1133,4989
10001082,2025FA,4784,3770,1014
10001082,2025SP,6068,4184,1884
10001083,2025FA,4902,5781,-879
10001084,2025FA,7916,4062,3854
10001084,2025SP,4692,3385,1307
10001085,2025FA,4707,4109,598
10001086,2025FA,8110,4513,3597
10001087,2025FA,4869,3062,1807
10001088,2025FA,8581,858,7723
10001089,2025FA,11978,3870,8108
10001090,2025FA,10725,4227,6498
10001091,2025FA,8733,5694,3039
10001091,2025SP,3701,3730,-29
10001092,2025FA,5857,5127,730
10001093,2025FA,11856,2832,9024
10001094,2025FA,4501,680,3821
10001094,2025SP,3897,4250,-353
10001095,2025FA,5214,403,4811
10001096,2025FA,9433,5530,3903
10001096,2025SP,5412,2310,3102
10001097,2025FA,5153,1747,3406
10001098,2025FA,9279,4904,4375
10001099,2025FA,5907,5602,305
10001100,2025FA,9232,8270,962
10001101,2025FA,4787,3039,1748
10001102,2025FA,5565,3642,1923
10001103,2025FA,6244,1835,4409
10001103,2025SP,4566,4101,465
10001104,2025FA,4444,3943,501
10001104,2025SP,5965,4633,1332
10001105,2025FA,4528,3465,1063
10001106,2025FA,4599,3315,1284
10001107,2025FA,5436,3227,2209
10001108,2025FA,8626,1097,7529
10001109,2025FA,9469,1138,8331
10001110,2025FA,6907,5890,1017
10001111,2025FA,4858,1193,3665
10001112,2025FA,4314,755,3559
10001113,2025FA,5214,3907,1307
10001114,2025FA,11214,3485,7729
10001115,2025FA,4665,4866,-201
10001116,2025FA,9385,2047,7338
10001116,2025SP,3809,3896,-87
10001117,2025FA,9461,1644,7817
10001117,2025SP,5154,6450,-1296
10001118,2025FA,9324,6208,3116
10001119,2025FA,10017,3986,6031
10001119,2025SP,4093,3869,224
10001120,2025FA,9349,3190,6159
10001120,2025SP,7457,6402,1055
10001121,2025FA,6204,521,5683
10001122,2025FA,6225,1605,4620
10001123,2025FA,5430,2979,2451
10001124,2025FA,5923,2698,3225
10001124,2025SP,4434,3780,654
10001125,2025FA,6232,5873,359
10001126,2025FA,5993,2672,3321
10001127,2025FA,8841,3882,4959
10001127,2025SP,3742,2613,1129
10001128,2025FA,5988,2380,3608
10001128,2025SP,4544,1430,3114
10001129,2025FA,4350,1478,2872
10001129,2025SP,3511,2858,653
10001130,2025FA,9202,5288,3914
10001131,2025FA,4864,2312,2552
10001132,2025FA,4738,744,3994
10001132,2025SP,6203,3439,2764
10001133,2025FA,5620,4915,705
10001133,2025SP,4408,665,3743
10001134,2025FA,5895,3948,1947
10001134,2025SP,4651,6156,-1505
10001135,2025FA,5069,3684,1385
10001136,2025FA,4726,4609,117
10001137,2025FA,12046,3010,9036
10001138,2025FA,5203,3311,1892
10001138,2025SP,6124,901,5223
10001139,2025FA,11199,3808,7391
10001140,2025FA,4496,6172,-1676
10001140,2025SP,4773,565,4208
10001141,2025FA,6296,2075,4221
10001142,2025FA,7978,3125,4853
10001143,2025FA,8130,3073,5057
10001144,2025FA,5634,2538,3096
10001144,2025SP,3339,3694,-355
10001145,2025FA,5442,3385,2057
10001146,2025FA,5607,5112,495
10001147,2025FA,5213,1191,4022
10001148,2025FA,4919,5092,-173
10001149,2025FA,4326,6458,-2132
10001150,2025FA,6273,2636,3637
10001150,2025SP,9922,4094,5828
10001151,2025FA,4758,3496,1262
10001151,2025SP,7479,1767,5712
10001152,2025FA,6309,3955,2354
10001153,2025FA,4945,3319,1626
10001154,2025FA,5200,4104,1096
10001154,2025SP,6174,2815,3359
10001155,2025FA,4338,2843,1495
10001156,2025FA,4681,3213,1468
10001156,2025SP,4722,3399,1323
10001157,2025FA,4727,3168,1559
10001158,2025FA,8000,4355,3645
10001158,2025SP,5358,3028,2330
10001159,2025FA,8638,4852,3786
10001159,2025SP,3973,1631,2342
10001160,2025FA,6766,1960,4806
10001161,2025FA,5507,2282,3225
10001162,2025FA,4307,1324,2983
10001163,2025FA,4588,2036,2552
10001163,2025SP,4943,1141,3802
10001164,2025FA,5473,4915,558
10001165,2025FA,5577,3205,2372
10001166,2025FA,4504,5870,-1366
10001167,2025FA,5539,2800,2739
10001167,2025SP,7274,3576,3698
10001168,2025FA,11205,1914,9291
10001168,2025SP,5527,4572,955
10001169,2025FA,10785,5662,5123
10001169,2025SP,4588,5285,-697
10001170,2025FA,4777,4303,474
10001170,2025SP,4855,2865,1990
10001171,2025FA,8696,1716,6980
10001172,2025FA,5192,3660,1532
10001173,2025FA,4669,1646,3023
10001173,2025SP,6827,6755,72
10001174,2025FA,11811,6840,4971
10001175,2025FA,8590,4529,4061
10001176,2025FA,8628,1870,6758
10001176,2025SP,4582,832,3750
10001177,2025FA,4670,4744,-74
10001177,2025SP,4865,3130,1735
10001178,2025FA,6093,2100,3993
10001179,2025FA,8552,3125,5427
10001179,2025SP,6690,1703,4987
10001180,2025FA,4751,2091,2660
10001180,2025SP,3639,4799,-1160
10001181,2025FA,8799,7049,1750
10001182,2025FA,6055,4009,2046
10001183,2025FA,4746,1733,3013
10001183,2025SP,5057,3250,1807
10001184,2025FA,4300,4716,-416
10001184,2025SP,3324,3745,-421
10001185,2025FA,12018,2574,9444
10001185,2025SP,4411,286,4125
10001186,2025FA,6226,4246,1980
10001187,2025FA,4425,5768,-1343
10001188,2025FA,4687,2244,2443
10001188,2025SP,4824,3054,1770
10001189,2025FA,6171,3470,2701
10001190,2025FA,8706,5337,3369
10001191,2025FA,6266,2933,3333
10001191,2025SP,9247,4332,4915
10001192,2025FA,5591,1034,4557
10001192,2025SP,4829,1347,3482
10001193,2025FA,4491,494,3997
10001194,2025FA,4738,1196,3542
10001195,2025FA,4672,6433,-1761
10001196,2025FA,4402,2200,2202
10001196,2025SP,8750,399,8351
10001197,2025FA,4941,3172,1769
10001197,2025SP,4109,7203,-3094
10001198,2025FA,5900,6437,-537
10001199,2025FA,4709,2199,2510
10001199,2025SP,4522,5768,-1246
10001200,2025FA,8191,3861,4330
10001200,2025SP,3630,4909,-1279
10001201,2025FA,5630,3640,1990
10001201,2025SP,8813,4151,4662
10001202,2025FA,6683,6089,594
10001202,2025SP,3429,4365,-936
10001203,2025FA,4527,2996,1531
10001203,2025SP,4904,1225,3679
10001204,2025FA,8834,3974,4860
10001205,2025FA,5958,5744,214
10001205,2025SP,3776,4504,-728
10001206,2025FA,5198,5820,-622
10001206,2025SP,5072,5173,-101
10001207,2025FA,4735,7960,-3225
10001207,2025SP,4937,1888,3049
10001208,2025FA,5949,1967,3982
10001209,2025FA,9850,3673,6177
10001210,2025FA,8836,394,8442
10001211,2025FA,5876,2979,2897
10001211,2025SP,5024,1419,3605
10001212,2025FA,4800,3349,1451
10001213,2025FA,5808,1205,4603
10001214,2025FA,5362,5655,-293
10001214,2025SP,5175,3584,1591
10001215,2025FA,9489,4726,4763
10001215,2025SP,6769,3771,2998
10001216,2025FA,4803,3813,990
10001217,2025FA,5270,4032,1238
10001218,2025FA,5545,3353,2192
10001218,2025SP,4764,3215,1549
10001219,2025FA,4434,4303,131
10001220,2025FA,6459,3146,3313
10001220,2025SP,3709,2487,1222
10001221,2025FA,6142,4022,2120
10001222,2025FA,5874,4041,1833
10001223,2025FA,4817,2880,1937
10001224,2025FA,4401,7813,-3412
10001225,2025FA,9481,5987,3494
10001226,2025FA,4476,2900,1576
10001227,2025FA,5778,2217,3561
10001227,2025SP,3837,235,3602
10001228,2025FA,6233,1159,5074
10001228,2025SP,9264,1550,7714
10001229,2025FA,4724,3132,1592
10001230,2025FA,4848,2523,2325
10001231,2025FA,8141,3585,4556
10001232,2025FA,4535,4421,114
10001233,2025FA,4740,1093,3647
10001233,2025SP,7991,5190,2801
10001234,2025FA,5720,2765,2955
10001235,2025FA,5173,2735,2438
10001235,2025SP,9245,2306,6939
10001236,2025FA,5436,5537,-101
10001236,2025SP,6897,5958,939
10001237,2025FA,8606,4292,4314
10001238,2025FA,10048,950,9098
10001238,2025SP,6709,2779,3930
10001239,2025FA,9890,6205,3685
10001240,2025FA,6081,3626,2455
10001240,2025SP,3357,1532,1825
10001241,2025FA,4469,5293,-824
10001242,2025FA,4858,2920,1938
10001242,2025SP,3877,4677,-800
10001243,2025FA,4311,4510,-199
10001244,2025FA,4512,2535,1977
10001244,2025SP,3845,3062,783
10001245,2025FA,4364,524,3840
10001246,2025FA,10601,1550,9051
10001247,2025FA,5226,1810,3416
10001248,2025FA,6537,1737,4800
10001249,2025FA,4650,4405,245
10001250,2025FA,9252,4317,4935
10001250,2025SP,3334,3500,-166
10001251,2025FA,4740,2488,2252
10001252,2025FA,6155,3478,2677
10001252,2025SP,3312,5548,-2236
10001253,2025FA,5090,5879,-789
10001254,2025FA,4799,2635,2164
10001255,2025FA,5598,5824,-226
10001255,2025SP,3857,2761,1096
10001256,2025FA,9323,5177,4146
10001257,2025FA,9208,644,8564
10001258,2025FA,10106,3661,6445
10001259,2025FA,5962,3489,2473
10001259,2025SP,3603,4190,-587
10001260,2025FA,8038,3873,4165
10001260,2025SP,4889,1966,2923
10001261,2025FA,9494,6107,3387
10001261,2025SP,4896,3441,1455
10001262,2025FA,5004,6054,-1050
10001263,2025FA,7947,1904,6043
10001264,2025FA,8142,4422,3720
10001265,2025FA,4904,3309,1595
10001266,2025FA,6209,1322,4887
10001267,2025FA,9473,2981,6492
10001268,2025FA,5358,1979,3379
10001268,2025SP,3284,5155,-1871
10001269,2025FA,4660,3577,1083
10001269,2025SP,6188,2502,3686
10001270,2025FA,11355,1021,10334
10001270,2025SP,4834,4781,53
10001271,2025FA,4505,2772,1733
10001272,2025FA,4837,2704,2133
10001273,2025FA,6233,2335,3898
10001274,2025FA,4854,3668,1186
10001274,2025SP,4660,468,4192
10001275,2025FA,5996,5139,857
10001275,2025SP,6140,2266,3874
10001276,2025FA,4802,2688,2114
10001277,2025FA,5769,3143,2626
10001278,2025FA,4769,1213,3556
10001278,2025SP,6762,2092,4670
10001279,2025FA,4741,4348,393
10001280,2025FA,4852,2062,2790
10001281,2025FA,8043,3634,4409
10001281,2025SP,4671,1264,3407
10001282,2025FA,4600,2817,1783
10001282,2025SP,8738,3544,5194
10001283,2025FA,8652,6033,2619
10001283,2025SP,4700,3721,979
10001284,2025FA,8591,3915,4676
10001284,2025SP,3514,250,3264
10001285,2025FA,4699,4756,-57
10001286,2025FA,5716,4259,1457
10001287,2025FA,4772,2366,2406
10001287,2025SP,6751,1069,5682
10001288,2025FA,4541,1180,3361
10001288,2025SP,6798,5188,1610
10001289,2025FA,4673,1946,2727
10001290,2025FA,5236,4783,453
10001290,2025SP,3694,1566,2128
10001291,2025FA,9225,3393,5832
10001291,2025SP,3676,4831,-1155
10001292,2025FA,11892,3136,8756
10001293,2025FA,4581,4098,483
10001293,2025SP,4217,1344,2873
10001294,2025FA,7966,2108,5858
10001295,2025FA,9205,962,8243
10001296,2025FA,5589,1751,3838
10001297,2025FA,4367,2241,2126
10001297,2025SP,3281,4176,-895
10001298,2025FA,4434,1410,3024
10001299,2025FA,5647,2799,2848
10001300,2025FA,9415,4519,4896
10001301,2025FA,5125,3884,1241
10001301,2025SP,4188,3513,675
10001302,2025FA,5827,3708,2119
10001303,2025FA,10772,4022,6750
10001303,2025SP,3426,2632,794
10001304,2025FA,5294,221,5073
10001305,2025FA,5190,5492,-302
10001305,2025SP,3982,267,3715
10001306,2025FA,5440,776,4664
10001307,2025FA,5255,2458,2797
10001308,2025FA,6148,1716,4432
10001309,2025FA,5470,4911,559
10001310,2025FA,8562,3649,4913
10001311,2025FA,6171,4540,1631
10001312,2025FA,11287,3927,7360
10001313,2025FA,4489,3790,699
10001313,2025SP,4695,2771,1924
10001314,2025FA,4820,3109,1711
10001315,2025FA,4941,2754,2187
10001315,2025SP,6651,3506,3145
10001316,2025FA,4474,1473,3001
10001316,2025SP,3259,3760,-501
10001317,2025FA,5389,4196,1193
10001317,2025SP,4798,1349,3449
10001318,2025FA,5701,2873,2828
10001319,2025FA,8625,946,7679
10001320,2025FA,4468,5804,-1336
10001320,2025SP,4820,2137,2683
10001321,2025FA,9396,4803,4593
10001322,2025FA,11236,2775,8461
10001323,2025FA,5766,333,5433
10001324,2025FA,5950,4032,1918
10001325,2025FA,4720,1570,3150
10001326,2025FA,4455,5962,-1507
10001326,2025SP,3989,2635,1354
10001327,2025FA,12068,1349,10719
10001328,2025FA,4316,2950,1366
10001328,2025SP,4924,2519,2405
10001329,2025FA,6438,3917,2521
10001329,2025SP,3531,3565,-34
10001330,2025FA,6429,6335,94
10001330,2025SP,5259,3206,2053
10001331,2025FA,4757,2567,2190
10001332,2025FA,9466,5094,4372
10001333,2025FA,4798,4542,256
10001334,2025FA,4653,4930,-277
10001335,2025FA,8842,1818,7024
10001335,2025SP,3738,3792,-54
10001336,2025FA,4323,3011,1312
10001336,2025SP,4455,2797,1658
10001337,2025FA,5252,3684,1568
10001338,2025FA,4320,3895,425
10001338,2025SP,5135,6453,-1318
10001339,2025FA,5855,1473,4382
10001340,2025FA,11181,543,10638
10001341,2025FA,8736,3539,5197
10001342,2025FA,5925,1145,4780
10001343,2025FA,5032,5476,-444
10001344,2025FA,4849,841,4008
10001344,2025SP,7323,5423,1900
10001345,2025FA,5984,397,5587
10001346,2025FA,10671,1887,8784
10001346,2025SP,6758,2649,4109
10001347,2025FA,6619,2558,4061
10001347,2025SP,3649,708,2941
10001348,2025FA,5041,3436,1605
10001349,2025FA,4856,1940,2916
10001350,2025FA,5865,2816,3049
10001351,2025FA,5379,4007,1372
10001352,2025FA,5650,2318,3332
10001353,2025FA,10587,4298,6289
10001354,2025FA,4858,4644,214
10001355,2025FA,9332,4346,4986
10001355,2025SP,10060,2414,7646
10001356,2025FA,8638,1066,7572
10001357,2025FA,5971,3845,2126
10001358,2025FA,5963,2321,3642
10001359,2025FA,8097,483,7614
10001360,2025FA,4408,2189,2219
10001360,2025SP,5980,2908,3072
10001361,2025FA,4530,4187,343
10001361,2025SP,4817,2647,2170
10001362,2025FA,4490,1651,2839
10001363,2025FA,6099,3921,2178
10001363,2025SP,4571,4567,4
10001364,2025FA,4835,5888,-1053
10001364,2025SP,3335,4141,-806
10001365,2025FA,9960,5908,4052
10001366,2025FA,5038,1829,3209
10001367,2025FA,5535,2544,2991
10001367,2025SP,3672,3472,200
10001368,2025FA,5961,1498,4463
10001369,2025FA,12473,5758,6715
10001370,2025FA,4446,5271,-825
10001371,2025FA,11248,1904,9344
10001372,2025FA,4321,5880,-1559
10001373,2025FA,7900,4021,3879
10001374,2025FA,5862,3216,2646
10001375,2025FA,6198,4482,1716
10001375,2025SP,5224,2827,2397
10001376,2025FA,6121,3837,2284
10001376,2025SP,4199,958,3241
10001377,2025FA,4430,3171,1259
10001378,2025FA,5067,3327,1740
10001379,2025FA,6650,4925,1725
10001379,2025SP,9418,2890,6528
10001380,2025FA,5877,4768,1109
10001381,2025FA,6166,2255,3911
10001382,2025FA,4519,1632,2887
10001383,2025FA,4702,6873,-2171
10001384,2025FA,10592,4892,5700
10001384,2025SP,4021,5466,-1445
10001385,2025FA,10725,4443,6282
10001386,2025FA,10529,2177,8352
10001386,2025SP,3745,2751,994
10001387,2025FA,9899,2354,7545
10001387,2025SP,8597,2719,5878
10001388,2025FA,11437,2534,8903
10001388,2025SP,4701,903,3798
10001389,2025FA,5725,2451,3274
10001389,2025SP,4502,2198,2304
10001390,2025FA,5764,4027,1737
10001391,2025FA,9322,5266,4056
10001392,2025FA,5004,5109,-105
10001393,2025FA,4940,4666,274
10001394,2025FA,8770,4433,4337
10001394,2025SP,4673,1923,2750
10001395,2025FA,4867,4417,450
10001395,2025SP,9328,2217,7111
10001396,2025FA,4310,4243,67
10001396,2025SP,8725,4786,3939
10001397,2025FA,6533,2891,3642
10001397,2025SP,7512,3551,3961
10001398,2025FA,8584,3268,5316
10001398,2025SP,6630,222,6408
10001399,2025FA,4437,2346,2091
10001400,2025FA,4469,3770,699
10001401,2025FA,4905,546,4359
10001401,2025SP,4147,5316,-1169
10001402,2025FA,4390,2015,2375
10001403,2025FA,5577,2715,2862
10001404,2025FA,9469,4583,4886
10001405,2025FA,4897,1902,2995
10001406,2025FA,4881,1593,3288
10001406,2025SP,3811,3245,566
10001407,2025FA,4899,2433,2466
10001407,2025SP,4944,2382,2562
10001408,2025FA,4502,1330,3172
10001408,2025SP,3824,1932,1892
10001409,2025FA,8763,2486,6277
10001410,2025FA,8801,2361,6440
10001410,2025SP,3364,2326,1038
10001411,2025FA,4703,1030,3673
10001411,2025SP,8807,2687,6120
10001412,2025FA,8135,319,7816
10001412,2025SP,6725,5145,1580
10001413,2025FA,8570,5127,3443
10001414,2025FA,10562,4712,5850
10001414,2025SP,8132,2135,5997
10001415,2025FA,6336,2686,3650
10001415,2025SP,3649,3181,468
10001416,2025FA,5232,5939,-707
10001416,2025SP,3506,2755,751
10001417,2025FA,5057,2633,2424
10001418,2025FA,8116,3088,5028
10001418,2025SP,8650,1826,6824
10001419,2025FA,4933,2757,2176
10001420,2025FA,5574,4782,792
10001420,2025SP,6161,6069,92
10001421,2025FA,9244,3076,6168
10001422,2025FA,4691,2246,2445
10001422,2025SP,6885,1345,5540
10001423,2025FA,4306,3927,379
10001423,2025SP,3508,3963,-455
10001424,2025FA,4360,4501,-141
10001425,2025FA,4579,6389,-1810
10001425,2025SP,3664,2958,706
10001426,2025FA,6105,1295,4810
10001427,2025FA,5439,5275,164
10001427,2025SP,5231,1667,3564
10001428,2025FA,7932,2873,5059
10001429,2025FA,9929,5383,4546
10001430,2025FA,10558,1152,9406
10001431,2025FA,4578,3278,1300
10001432,2025FA,5293,1935,3358
10001432,2025SP,8161,4214,3947
10001433,2025FA,6305,2825,3480
10001434,2025FA,4920,2223,2697
10001435,2025FA,9260,6829,2431
10001435,2025SP,3832,390,3442
10001436,2025FA,8037,3256,4781
10001437,2025FA,6538,3622,2916
10001438,2025FA,8692,3826,4866
10001438,2025SP,3785,2348,1437
10001439,2025FA,4818,3812,1006
10001440,2025FA,5020,1761,3259
10001441,2025FA,12728,3527,9201
10001442,2025FA,9248,4480,4768
10001443,2025FA,6140,3236,2904
10001443,2025SP,4893,4580,313
10001444,2025FA,8578,3894,4684
10001445,2025FA,5908,3402,2506
10001446,2025FA,6181,4857,1324
10001447,2025FA,7924,4700,3224
10001447,2025SP,4093,2375,1718
10001448,2025FA,6082,3845,2237
10001448,2025SP,6853,3521,3332
10001449,2025FA,4423,3302,1121
10001449,2025SP,8770,3254,5516
10001450,2025FA,6290,401,5889
10001450,2025SP,3296,2806,490
10001451,2025FA,4305,2669,1636
10001451,2025SP,3992,236,3756
10001452,2025FA,5389,1807,3582
10001452,2025SP,5016,6306,-1290
10001453,2025FA,10640,7097,3543
10001453,2025SP,4176,3948,228
10001454,2025FA,4709,4566,143
10001454,2025SP,9947,4306,5641
10001455,2025FA,5639,1670,3969
10001456,2025FA,5019,2369,2650
10001457,2025FA,10574,1810,8764
10001458,2025FA,6104,751,5353
10001459,2025FA,6170,1635,4535
10001460,2025FA,4946,3494,1452
10001461,2025FA,6527,4561,1966
10001461,2025SP,4683,911,3772
10001462,2025FA,8735,3784,4951
10001463,2025FA,4730,5215,-485
10001463,2025SP,9274,1135,8139
10001464,2025FA,9943,4257,5686
10001465,2025FA,4554,4978,-424
10001466,2025FA,4797,2462,2335
10001466,2025SP,3841,4771,-930
10001467,2025FA,8669,6776,1893
10001468,2025FA,4920,4905,15
10001468,2025SP,3711,568,3143
10001469,2025FA,5937,882,5055
10001470,2025FA,11943,3188,8755
10001470,2025SP,7261,1563,5698
10001471,2025FA,4720,4441,279
10001472,2025FA,5411,5184,227
10001473,2025FA,10603,3028,7575
10001473,2025SP,3281,2755,526
10001474,2025FA,4408,2980,1428
10001474,2025SP,3883,1199,2684
10001475,2025FA,8809,3659,5150
10001476,2025FA,5538,1919,3619
10001477,2025FA,4692,3683,1009
10001477,2025SP,3422,5937,-2515
10001478,2025FA,5193,6553,-1360
10001479,2025FA,5463,4646,817
10001480,2025FA,4672,3167,1505
10001481,2025FA,6624,3252,3372
10001482,2025FA,6438,6250,188
10001483,2025FA,5785,3113,2672
10001483,2025SP,7951,3743,4208
10001484,2025FA,4734,4985,-251
10001485,2025FA,5017,4994,23
10001486,2025FA,5743,5650,93
10001487,2025FA,5620,2466,3154
10001487,2025SP,5108,3113,1995
10001488,2025FA,4766,2277,2489
10001489,2025FA,4554,3960,594
10001489,2025SP,10055,3262,6793
10001490,2025FA,5132,1702,3430
10001490,2025SP,4586,1463,3123
10001491,2025FA,9222,2438,6784
10001492,2025FA,6157,5647,510
10001493,2025FA,6311,1587,4724
10001493,2025SP,8553,4317,4236
10001494,2025FA,6127,1920,4207
10001494,2025SP,5953,4931,1022
10001495,2025FA,5142,1463,3679
10001496,2025FA,4925,905,4020
10001497,2025FA,9404,4700,4704
10001497,2025SP,6014,3712,2302
10001498,2025FA,4582,4121,461
10001499,2025FA,4853,4677,176
10001500,2025FA,5130,3895,1235
10001500,2025SP,3254,4356,-1102
10001501,2025FA,5828,6248,-420
10001501,2025SP,4830,1029,3801
10001502,2025FA,5771,883,4888
10001502,2025SP,5047,3649,1398
10001503,2025FA,5029,3879,1150
10001504,2025FA,4866,3008,1858
10001504,2025SP,3512,3393,119
10001505,2025FA,4799,6727,-1928
10001505,2025SP,3271,1622,1649
10001506,2025FA,6106,2348,3758
10001507,2025FA,4901,2157,2744
10001508,2025FA,5230,4694,536
10001509,2025FA,5944,3627,2317
10001510,2025FA,11974,4264,7710
10001511,2025FA,4825,2625,2200
10001512,2025FA,4811,4291,520
10001512,2025SP,5597,3631,1966
10001513,2025FA,4832,2443,2389
10001514,2025FA,8737,1988,6749
10001514,2025SP,6790,1870,4920
10001515,2025FA,5469,2420,3049
10001515,2025SP,8105,3429,4676
10001516,2025FA,11161,7514,3647
10001516,2025SP,4500,3349,1151
10001517,2025FA,5787,3331,2456
10001518,2025FA,4947,4755,192
10001519,2025FA,9371,4855,4516
10001519,2025SP,3462,1767,1695
10001520,2025FA,5493,4554,939
10001520,2025SP,9484,3417,6067
10001521,2025FA,8080,2700,5380
10001522,2025FA,5777,4836,941
10001523,2025FA,8847,5778,3069
10001524,2025FA,6134,2471,3663
10001524,2025SP,6610,6957,-347
10001525,2025FA,4820,6571,-1751
10001525,2025SP,3814,3376,438
10001526,2025FA,4336,3479,857
10001527,2025FA,4596,4701,-105
10001528,2025FA,4844,4837,7
10001528,2025SP,10094,4889,5205
10001529,2025FA,4452,3144,1308
10001530,2025FA,9397,1536,7861
10001530,2025SP,6634,2453,4181
10001531,2025FA,10591,2512,8079
10001532,2025FA,5775,2703,3072
10001533,2025FA,4823,562,4261
10001534,2025FA,4776,1965,2811
10001535,2025FA,4371,2713,1658
10001536,2025FA,4399,3493,906
10001537,2025FA,4854,1863,2991
10001538,2025FA,5194,1681,3513
10001538,2025SP,3344,5099,-1755
10001539,2025FA,8706,4526,4180
10001540,2025FA,5185,1991,3194
10001540,2025SP,3485,4211,-726
10001541,2025FA,4840,203,4637
10001541,2025SP,3796,4393,-597
10001542,2025FA,10669,483,10186
10001543,2025FA,8608,4401,4207
10001544,2025FA,8773,3549,5224
10001545,2025FA,5259,5147,112
10001545,2025SP,4678,2386,2292
10001546,2025FA,11159,533,10626
10001546,2025SP,4859,722,4137
10001547,2025FA,4753,1145,3608
10001548,2025FA,6418,2795,3623
10001548,2025SP,7510,572,6938
10001549,2025FA,5219,2250,2969
10001549,2025SP,4770,1780,2990
10001550,2025FA,4726,2840,1886
10001550,2025SP,8711,5200,3511
10001551,2025FA,5774,2553,3221
10001552,2025FA,7960,1569,6391
10001552,2025SP,3690,7075,-3385
10001553,2025FA,6302,4187,2115
10001554,2025FA,6778,2605,4173
10001555,2025FA,8718,2945,5773
10001556,2025FA,8802,4409,4393
10001556,2025SP,3635,5315,-1680
10001557,2025FA,5932,1722,4210
10001557,2025SP,3832,7891,-4059
10001558,2025FA,4524,3597,927
10001559,2025FA,5043,3067,1976
10001559,2025SP,8734,2292,6442
10001560,2025FA,4866,3616,1250
10001560,2025SP,6212,3462,2750
10001561,2025FA,4831,6957,-2126
10001562,2025FA,4885,7494,-2609
10001563,2025FA,4367,3504,863
10001564,2025FA,4948,4371,577
10001565,2025FA,11317,342,10975
10001566,2025FA,6936,2850,4086
10001567,2025FA,4309,2966,1343
10001568,2025FA,6325,4545,1780
10001569,2025FA,5476,3522,1954
10001570,2025FA,6343,5664,679
10001571,2025FA,5071,5370,-299
10001571,2025SP,5609,2769,2840
10001572,2025FA,6884,6445,439
10001572,2025SP,6733,2747,3986
10001573,2025FA,6297,4352,1945
10001574,2025FA,5855,5311,544
10001574,2025SP,3661,4302,-641
10001575,2025FA,5461,1945,3516
10001575,2025SP,3628,4817,-1189
10001576,2025FA,4304,1135,3169
10001576,2025SP,4088,4497,-409
10001577,2025FA,4501,3627,874
10001577,2025SP,10140,3391,6749
10001578,2025FA,5219,3855,1364
10001578,2025SP,3378,2022,1356
10001579,2025FA,5115,2678,2437
10001579,2025SP,3757,3292,465
10001580,2025FA,7910,1988,5922
10001581,2025FA,10655,1410,9245
10001581,2025SP,4914,4434,480
10001582,2025FA,8128,1455,6673
10001582,2025SP,3494,1044,2450
10001583,2025FA,4912,4739,173
10001583,2025SP,4509,6077,-1568
10001584,2025FA,5985,2291,3694
10001585,2025FA,4844,2319,2525
10001585,2025SP,4753,5252,-499
10001586,2025FA,11350,2224,9126
10001587,2025FA,11409,1468,9941
10001588,2025FA,5385,3088,2297
10001589,2025FA,5492,2018,3474
10001589,2025SP,4935,2548,2387
10001590,2025FA,4693,3304,1389
10001590,2025SP,5955,4771,1184
10001591,2025FA,11250,2154,9096
10001592,2025FA,8550,4461,4089
10001592,2025SP,7962,1041,6921
10001593,2025FA,11260,2907,8353
10001594,2025FA,5026,3512,1514
10001594,2025SP,4555,3410,1145
10001595,2025FA,11393,2920,8473
10001595,2025SP,4077,4120,-43
10001596,2025FA,9309,1940,7369
10001597,2025FA,6246,6391,-145
10001597,2025SP,3465,2805,660
10001598,2025FA,7903,2659,5244
10001598,2025SP,4714,1226,3488
10001599,2025FA,9219,1627,7592
10001600,2025FA,9412,1075,8337
10001600,2025SP,6233,2730,3503
10001601,2025FA,8634,4951,3683
10001601,2025SP,9944,4238,5706
10001602,2025FA,4789,4060,729
10001602,2025SP,8123,2612,5511
10001603,2025FA,4845,4383,462
10001604,2025FA,5123,3849,1274
10001604,2025SP,3713,4759,-1046
10001605,2025FA,6568,4595,1973
10001606,2025FA,5111,2654,2457
10001607,2025FA,4331,3449,882
10001607,2025SP,5009,3879,1130
10001608,2025FA,9915,3761,6154
10001609,2025FA,6552,6572,-20
10001610,2025FA,4304,6621,-2317
10001611,2025FA,8620,4629,3991
10001612,2025FA,8719,4208,4511
10001612,2025SP,5351,3574,1777
10001613,2025FA,8042,2194,5848
10001614,2025FA,8100,1960,6140
10001615,2025FA,5943,3621,2322
10001616,2025FA,8626,3575,5051
10001617,2025FA,5226,3155,2071
10001617,2025SP,9286,3420,5866
10001618,2025FA,11179,3337,7842
10001619,2025FA,4685,3561,1124
10001620,2025FA,4508,401,4107
10001621,2025FA,6147,6136,11
10001621,2025SP,3410,2044,1366
10001622,2025FA,11412,4798,6614
10001623,2025FA,8049,257,7792
10001624,2025FA,4775,4090,685
10001624,2025SP,4558,2005,2553
10001625,2025FA,6220,6308,-88
10001625,2025SP,4587,1998,2589
10001626,2025FA,4737,3772,965
10001627,2025FA,7977,4552,3425
10001627,2025SP,3465,1536,1929
10001628,2025FA,9240,386,8854
10001629,2025FA,4459,2440,2019
10001630,2025FA,6548,1204,5344
10001631,2025FA,5506,3394,2112
10001631,2025SP,3870,2028,1842
10001632,2025FA,4436,472,3964
10001632,2025SP,3734,4182,-448
10001633,2025FA,5125,477,4648
10001634,2025FA,8110,3955,4155
10001635,2025FA,5752,3475,2277
10001636,2025FA,4927,3237,1690
10001637,2025FA,4584,7261,-2677
10001638,2025FA,5809,2866,2943
10001639,2025FA,4854,1996,2858
10001640,2025FA,4430,738,3692
10001641,2025FA,4782,1459,3323
10001641,2025SP,3397,1689,1708
10001642,2025FA,7930,909,7021
10001643,2025FA,5956,3381,2575
10001643,2025SP,10021,2040,7981
10001644,2025FA,5001,3041,1960
10001645,2025FA,5573,2868,2705
10001645,2025SP,3730,2689,1041
10001646,2025FA,6188,6787,-599
10001646,2025SP,6878,3980,2898
10001647,2025FA,6234,7615,-1381
10001648,2025FA,5631,1862,3769
10001649,2025FA,10610,1921,8689
10001650,2025FA,5134,2950,2184
10001651,2025FA,6533,3462,3071
10001652,2025FA,8167,3906,4261
10001652,2025SP,8730,3704,5026
10001653,2025FA,6330,2510,3820
10001653,2025SP,9342,2258,7084
10001654,2025FA,5459,2292,3167
10001654,2025SP,5089,1222,3867
10001655,2025FA,10743,1778,8965
10001656,2025FA,10109,2898,7211
10001657,2025FA,5951,2997,2954
10001658,2025FA,4519,2712,1807
10001659,2025FA,5379,2048,3331
10001659,2025SP,8689,4623,4066
10001660,2025FA,5985,5036,949
10001661,2025FA,5899,5525,374
10001662,2025FA,5613,1592,4021
10001663,2025FA,5707,5082,625
10001664,2025FA,5112,4172,940
10001665,2025FA,11287,1356,9931
10001665,2025SP,3744,3688,56
10001666,2025FA,5034,4039,995
10001667,2025FA,4923,2340,2583
10001667,2025SP,6243,4052,2191
10001668,2025FA,4694,7124,-2430
10001668,2025SP,8005,3461,4544
10001669,2025FA,4345,5132,-787
10001670,2025FA,7909,6425,1484
10001670,2025SP,4381,518,3863
10001671,2025FA,6201,3610,2591
10001672,2025FA,4436,3468,968
10001673,2025FA,4571,300,4271
10001674,2025FA,6251,4109,2142
10001675,2025FA,10700,4670,6030
10001675,2025SP,6117,4018,2099
10001676,2025FA,5842,5068,774
10001677,2025FA,8816,4760,4056
10001678,2025FA,4368,2672,1696
10001679,2025FA,4922,2675,2247
10001679,2025SP,4724,2821,1903
10001680,2025FA,9982,4778,5204
10001681,2025FA,4452,552,3900
10001681,2025SP,5077,4011,1066
10001682,2025FA,6780,2082,4698
10001682,2025SP,4835,3071,1764
10001683,2025FA,10006,5466,4540
10001683,2025SP,8608,1112,7496
10001684,2025FA,6861,2920,3941
10001684,2025SP,5701,2236,3465
10001685,2025FA,4734,481,4253
10001685,2025SP,6721,2043,4678
10001686,2025FA,4790,4039,751
10001687,2025FA,6410,770,5640
10001688,2025FA,4908,4404,504
10001689,2025FA,10588,3476,7112
10001690,2025FA,4758,2092,2666
10001691,2025FA,4793,4522,271
10001692,2025FA,4321,2849,1472
10001692,2025SP,5631,6415,-784
10001693,2025FA,5454,596,4858
10001694,2025FA,4452,7221,-2769
10001695,2025FA,5525,1570,3955
10001696,2025FA,8699,4189,4510
10001697,2025FA,5159,1543,3616
10001698,2025FA,5083,1514,3569
10001699,2025FA,9438,2674,6764
10001700,2025FA,6126,5936,190
10001701,2025FA,9851,1300,8551
10001702,2025FA,4666,3553,1113
10001702,2025SP,8813,1514,7299
10001703,2025FA,5904,1374,4530
10001704,2025FA,9431,2237,7194
10001705,2025FA,5558,213,5345
10001706,2025FA,6262,2819,3443
10001707,2025FA,6105,2775,3330
10001708,2025FA,9469,2620,6849
10001708,2025SP,4696,979,3717
10001709,2025FA,4591,2914,1677
10001709,2025SP,10128,1728,8400
10001710,2025FA,5856,2632,3224
10001711,2025FA,8559,3462,5097
10001711,2025SP,4665,1131,3534
10001712,2025FA,4918,2608,2310
10001713,2025FA,5803,3356,2447
10001714,2025FA,4766,3260,1506
10001715,2025FA,5976,5111,865
10001716,2025FA,5269,3608,1661
10001716,2025SP,4012,2039,1973
10001717,2025FA,4398,2395,2003
10001717,2025SP,9377,3537,5840
10001718,2025FA,4556,1667,2889
10001719,2025FA,11838,4525,7313
10001719,2025SP,9313,1685,7628
10001720,2025FA,4435,1227,3208
10001720,2025SP,4786,4482,304
10001721,2025FA,5110,2491,2619
10001721,2025SP,4810,736,4074
10001722,2025FA,6191,2947,3244
10001722,2025SP,4885,5653,-768
10001723,2025FA,5272,1372,3900
10001723,2025SP,6642,4051,2591
10001724,2025FA,11390,3595,7795
10001725,2025FA,4551,2634,1917
10001726,2025FA,5540,4189,1351
10001727,2025FA,6130,3427,2703
10001727,2025SP,4880,5350,-470
10001728,2025FA,11879,1471,10408
10001729,2025FA,5012,4445,567
10001729,2025SP,3752,4713,-961
10001730,2025FA,6632,2050,4582
10001730,2025SP,4467,2996,1471
10001731,2025FA,5939,3243,2696
10001732,2025FA,9491,1243,8248
10001732,2025SP,4425,3612,813
10001733,2025FA,4519,5912,-1393
10001734,2025FA,4662,4748,-86
10001734,2025SP,4044,6344,-2300
10001735,2025FA,4727,1576,3151
10001736,2025FA,4398,3043,1355
10001737,2025FA,6080,856,5224
10001738,2025FA,4930,7126,-2196
10001738,2025SP,3746,1996,1750
10001739,2025FA,10117,3297,6820
10001740,2025FA,5902,5126,776
10001741,2025FA,5281,1895,3386
10001742,2025FA,6138,299,5839
10001743,2025FA,9320,4502,4818
10001743,2025SP,4189,4418,-229
10001744,2025FA,5454,2379,3075
10001744,2025SP,3641,2780,861
10001745,2025FA,5646,3987,1659
10001745,2025SP,3831,2483,1348
10001746,2025FA,4327,2704,1623
10001747,2025FA,5119,4019,1100
10001747,2025SP,8801,2913,5888
10001748,2025FA,5638,3423,2215
10001749,2025FA,5906,3639,2267
10001749,2025SP,3709,2458,1251
10001750,2025FA,4691,437,4254
10001751,2025FA,11436,306,11130
10001751,2025SP,4341,4654,-313
10001752,2025FA,5111,2904,2207
10001752,2025SP,9464,252,9212
10001753,2025FA,7973,1982,5991
10001754,2025FA,9291,2541,6750
10001755,2025FA,4914,916,3998
10001756,2025FA,5085,6037,-952
10001756,2025SP,3658,3090,568
10001757,2025FA,4514,3132,1382
10001757,2025SP,3831,2245,1586
10001758,2025FA,4357,3278,1079
10001758,2025SP,5353,4088,1265
10001759,2025FA,8668,1717,6951
10001760,2025FA,4826,6410,-1584
10001761,2025FA,4869,3593,1276
10001761,2025SP,3960,5212,-1252
10001762,2025FA,7368,4007,3361
10001762,2025SP,3422,5961,-2539
10001763,2025FA,9227,5112,4115
10001763,2025SP,6741,3188,3553
10001764,2025FA,4539,3403,1136
10001765,2025FA,5957,1928,4029
10001765,2025SP,4785,3616,1169
10001766,2025FA,5435,2746,2689
10001766,2025SP,4521,3767,754
10001767,2025FA,5444,673,4771
10001767,2025SP,5034,5651,-617
10001768,2025FA,4356,3872,484
10001769,2025FA,5852,2251,3601
10001769,2025SP,4786,3676,1110
10001770,2025FA,4561,4227,334
10001771,2025FA,5712,4631,1081
10001771,2025SP,3318,3097,221
10001772,2025FA,4461,571,3890
10001773,2025FA,4599,3608,991
10001774,2025FA,6233,4375,1858
10001775,2025FA,4590,3688,902
10001776,2025FA,5774,5361,413
10001776,2025SP,7958,4698,3260
10001777,2025FA,8141,3544,4597
10001777,2025SP,4795,2873,1922
10001778,2025FA,9206,1361,7845
10001778,2025SP,4762,5348,-586
10001779,2025FA,9200,3534,5666
10001779,2025SP,4784,3334,1450
10001780,2025FA,6121,805,5316
10001781,2025FA,9229,1871,7358
10001782,2025FA,4737,3773,964
10001783,2025FA,12025,2465,9560
10001784,2025FA,9475,5418,4057
10001785,2025FA,8769,4236,4533
10001786,2025FA,5199,5643,-444
10001786,2025SP,4399,2726,1673
10001787,2025FA,8000,7282,718
10001787,2025SP,5978,3606,2372
10001788,2025FA,4717,5003,-286
10001788,2025SP,4493,3471,1022
10001789,2025FA,4491,515,3976
10001789,2025SP,4117,2636,1481
10001790,2025FA,4874,4303,571
10001790,2025SP,5473,5628,-155
10001791,2025FA,4719,3893,826
10001792,2025FA,5861,3118,2743
10001793,2025FA,6316,4811,1505
10001794,2025FA,6233,2919,3314
10001794,2025SP,4462,3641,821
10001795,2025FA,4743,4917,-174
10001795,2025SP,9313,7889,1424
10001796,2025FA,6231,303,5928
10001797,2025FA,5761,4290,1471
10001797,2025SP,7408,3154,4254
10001798,2025FA,4859,4505,354
10001798,2025SP,6003,3422,2581
10001799,2025FA,4844,5477,-633
10001799,2025SP,3867,6191,-2324
10001800,2025FA,4800,4948,-148
10001800,2025SP,9897,1994,7903
10001801,2025FA,5870,4433,1437
10001801,2025SP,3379,1900,1479
10001802,2025FA,5132,5569,-437
10001803,2025FA,6268,4562,1706
10001803,2025SP,4883,4803,80
10001804,2025FA,4393,2999,1394
10001805,2025FA,4465,2601,1864
10001806,2025FA,4931,3748,1183
10001806,2025SP,3360,1847,1513
10001807,2025FA,9246,4551,4695
10001808,2025FA,9261,4694,4567
10001809,2025FA,5274,3556,1718
10001810,2025FA,6257,4379,1878
10001810,2025SP,8711,554,8157
10001811,2025FA,6599,3718,2881
10001811,2025SP,3387,1407,1980
10001812,2025FA,6151,334,5817
10001813,2025FA,6583,4480,2103
10001813,2025SP,3521,2966,555
10001814,2025FA,4451,2255,2196
10001815,2025FA,4522,2418,2104
10001815,2025SP,6000,3560,2440
10001816,2025FA,4425,1557,2868
10001816,2025SP,6877,6763,114
10001817,2025FA,8733,4016,4717
10001818,2025FA,11934,3951,7983
10001818,2025SP,8780,4921,3859
10001819,2025FA,5520,3588,1932
10001819,2025SP,6715,2266,4449
10001820,2025FA,4883,788,4095
10001821,2025FA,5240,1422,3818
10001822,2025FA,8663,2246,6417
10001823,2025FA,5623,3397,2226
10001823,2025SP,4657,3535,1122
10001824,2025FA,8182,3996,4186
10001824,2025SP,4756,1083,3673
10001825,2025FA,5965,3338,2627
10001825,2025SP,3803,933,2870
10001826,2025FA,10085,1813,8272
10001826,2025SP,3622,5064,-1442
10001827,2025FA,5538,4769,769
10001827,2025SP,5588,5400,188
10001828,2025FA,8090,3614,4476
10001828,2025SP,3865,2867,998
10001829,2025FA,8197,2459,5738
10001829,2025SP,3258,3963,-705
10001830,2025FA,12089,6108,5981
10001830,2025SP,3771,3445,326
10001831,2025FA,6338,3047,3291
10001832,2025FA,5365,3579,1786
10001832,2025SP,3858,3224,634
10001833,2025FA,6696,2810,3886
10001834,2025FA,8739,2891,5848
10001835,2025FA,10067,2544,7523
10001836,2025FA,8818,5331,3487
10001836,2025SP,5221,464,4757
10001837,2025FA,10623,2337,8286
10001838,2025FA,8186,2511,5675
10001838,2025SP,6755,5111,1644
10001839,2025FA,9959,3338,6621
10001840,2025FA,4950,5401,-451
10001840,2025SP,4804,2178,2626
10001841,2025FA,9871,3807,6064
10001842,2025FA,8760,3903,4857
10001842,2025SP,4498,2167,2331
10001843,2025FA,4495,1998,2497
10001843,2025SP,3830,4227,-397
10001844,2025FA,5713,2117,3596
10001844,2025SP,6800,2788,4012
10001845,2025FA,4869,4186,683
10001845,2025SP,8804,6046,2758
10001846,2025FA,4538,3071,1467
10001846,2025SP,3658,5758,-2100
10001847,2025FA,4868,3438,1430
10001847,2025SP,5174,4891,283
10001848,2025FA,5782,3033,2749
10001849,2025FA,9309,5899,3410
10001850,2025FA,11320,1994,9326
10001851,2025FA,9965,6222,3743
10001852,2025FA,6314,3919,2395
10001853,2025FA,5708,4684,1024
10001853,2025SP,6780,294,6486
10001854,2025FA,4584,2718,1866
10001855,2025FA,11447,4481,6966
10001856,2025FA,12040,4883,7157
10001856,2025SP,4916,2487,2429
10001857,2025FA,4471,3100,1371
10001858,2025FA,4474,1164,3310
10001859,2025FA,5147,4122,1025
10001859,2025SP,3817,4217,-400
10001860,2025FA,8180,5241,2939
10001861,2025FA,5137,2550,2587
10001861,2025SP,3811,3131,680
10001862,2025FA,4469,4841,-372
10001862,2025SP,4397,4137,260
10001863,2025FA,8606,1896,6710
10001863,2025SP,6011,4728,1283
10001864,2025FA,5750,3569,2181
10001864,2025SP,4871,479,4392
10001865,2025FA,6291,3668,2623
10001865,2025SP,9489,2044,7445
10001866,2025FA,4867,2439,2428
10001867,2025FA,8567,7241,1326
10001868,2025FA,7905,1149,6756
10001868,2025SP,5113,2101,3012
10001869,2025FA,5838,2810,3028
10001869,2025SP,6613,4057,2556
10001870,2025FA,9351,2514,6837
10001871,2025FA,11438,2139,9299
10001872,2025FA,4551,3781,770
10001873,2025FA,5256,6802,-1546
10001874,2025FA,5168,1287,3881
10001875,2025FA,6194,2093,4101
10001875,2025SP,5014,1232,3782
10001876,2025FA,5770,1795,3975
10001877,2025FA,4835,5165,-330
10001878,2025FA,8653,4899,3754
10001878,2025SP,6642,5528,1114
10001879,2025FA,4929,4102,827
10001880,2025FA,5227,2886,2341
10001880,2025SP,4469,1742,2727
10001881,2025FA,4913,1257,3656
10001881,2025SP,8724,5004,3720
10001882,2025FA,8144,7627,517
10001882,2025SP,4685,5235,-550
10001883,2025FA,4719,1354,3365
10001884,2025FA,8189,2811,5378
10001885,2025FA,9857,2074,7783
10001886,2025FA,9224,3846,5378
10001887,2025FA,4657,5866,-1209
10001888,2025FA,4465,2667,1798
10001889,2025FA,5811,4409,1402
10001889,2025SP,3537,2177,1360
10001890,2025FA,4562,254,4308
10001891,2025FA,5429,1898,3531
10001892,2025FA,6181,3439,2742
10001893,2025FA,6133,3934,2199
10001894,2025FA,7952,2998,4954
10001895,2025FA,8689,3015,5674
10001895,2025SP,3855,2223,1632
10001896,2025FA,10567,5699,4868
10001896,2025SP,4663,2307,2356
10001897,2025FA,5583,3777,1806
10001897,2025SP,9468,1982,7486
10001898,2025FA,10675,4907,5768
10001898,2025SP,3440,1165,2275
10001899,2025FA,8071,4876,3195
10001900,2025FA,4827,1795,3032
10001901,2025FA,12100,4075,8025
10001901,2025SP,4950,4101,849
10001902,2025FA,5997,1584,4413
10001903,2025FA,6066,2106,3960
10001903,2025SP,5158,1790,3368
10001904,2025FA,5281,3906,1375
10001905,2025FA,4690,1353,3337
10001906,2025FA,11302,4388,6914
10001907,2025FA,5087,2414,2673
10001908,2025FA,6206,2571,3635
10001908,2025SP,6808,2941,3867
10001909,2025FA,8656,2564,6092
10001910,2025FA,4568,6349,-1781
10001911,2025FA,4492,4683,-191
10001911,2025SP,3479,4325,-846
10001912,2025FA,4890,2464,2426
10001913,2025FA,4374,4740,-366
10001914,2025FA,5179,316,4863
10001914,2025SP,4808,5127,-319
10001915,2025FA,9253,1561,7692
10001916,2025FA,8739,2293,6446
10001917,2025FA,4908,1604,3304
10001917,2025SP,6706,3547,3159
10001918,2025FA,5889,1806,4083
10001918,2025SP,9245,2604,6641
10001919,2025FA,4722,2157,2565
10001920,2025FA,4547,5717,-1170
10001921,2025FA,5157,3431,1726
10001922,2025FA,8566,4090,4476
10001923,2025FA,9491,766,8725
10001924,2025FA,10775,3606,7169
10001925,2025FA,6165,652,5513
10001925,2025SP,5431,3126,2305
10001926,2025FA,4836,1903,2933
10001926,2025SP,5473,3846,1627
10001927,2025FA,5234,2880,2354
10001927,2025SP,3985,3519,466
10001928,2025FA,8597,2905,5692
10001929,2025FA,11430,2022,9408
10001930,2025FA,5804,1311,4493
10001931,2025FA,4308,2079,2229
10001932,2025FA,5245,3147,2098
10001933,2025FA,4737,3184,1553
10001933,2025SP,4411,2960,1451
10001934,2025FA,4757,4389,368
10001935,2025FA,6225,3977,2248
10001936,2025FA,6571,1625,4946
10001936,2025SP,3647,5795,-2148
10001937,2025FA,4415,3702,713
10001938,2025FA,4776,6069,-1293
10001939,2025FA,5244,3434,1810
10001940,2025FA,8745,3567,5178
10001941,2025FA,5755,5866,-111
10001942,2025FA,9933,4767,5166
10001943,2025FA,4557,3358,1199
10001944,2025FA,11311,5061,6250
10001944,2025SP,4651,4833,-182
10001945,2025FA,5106,577,4529
10001946,2025FA,9369,1362,8007
10001946,2025SP,4684,5897,-1213
10001947,2025FA,8801,4192,4609
10001948,2025FA,5419,4710,709
10001949,2025FA,5107,2475,2632
10001950,2025FA,8820,3869,4951
10001950,2025SP,5206,5984,-778
10001951,2025FA,4822,4303,519
10001951,2025SP,5220,2814,2406
10001952,2025FA,8730,4374,4356
10001953,2025FA,6400,6982,-582
10001953,2025SP,4507,4893,-386
10001954,2025FA,5574,4793,781
10001955,2025FA,5413,1152,4261
10001955,2025SP,5094,1731,3363
10001956,2025FA,8591,397,8194
10001956,2025SP,5217,6248,-1031
10001957,2025FA,4484,5726,-1242
10001958,2025FA,5542,6150,-608
10001959,2025FA,4799,6042,-1243
10001960,2025FA,5446,1999,3447
10001961,2025FA,5726,3270,2456
10001961,2025SP,5401,1961,3440
10001962,2025FA,5274,1735,3539
10001962,2025SP,8559,3259,5300
10001963,2025FA,9360,1740,7620
10001964,2025FA,6559,4385,2174
10001965,2025FA,5585,1749,3836
10001966,2025FA,4554,1589,2965
10001966,2025SP,3956,3876,80
10001967,2025FA,8686,4556,4130
10001968,2025FA,5176,764,4412
10001969,2025FA,4761,2051,2710
10001969,2025SP,4068,5006,-938
10001970,2025FA,6458,1575,4883
10001970,2025SP,6186,1228,4958
10001971,2025FA,4431,5462,-1031
10001971,2025SP,4514,6725,-2211
10001972,2025FA,5275,1196,4079
10001972,2025SP,4484,3795,689
10001973,2025FA,7934,1901,6033
10001973,2025SP,3737,4075,-338
10001974,2025FA,5392,5385,7
10001974,2025SP,4746,3866,880
10001975,2025FA,4446,3748,698
10001975,2025SP,5278,4503,775
10001976,2025FA,6209,4351,1858
10001976,2025SP,3422,3576,-154
10001977,2025FA,5636,6351,-715
10001978,2025FA,6661,2487,4174
10001979,2025FA,4720,6124,-1404
10001980,2025FA,5919,1563,4356
10001981,2025FA,5026,3732,1294
10001982,2025FA,5109,2420,2689
10001983,2025FA,4768,1712,3056
10001983,2025SP,5131,4105,1026
10001984,2025FA,5208,5064,144
10001984,2025SP,4938,3254,1684
10001985,2025FA,4530,1281,3249
10001985,2025SP,4774,2810,1964
10001986,2025FA,10013,4790,5223
10001987,2025FA,11281,1896,9385
10001987,2025SP,3363,3456,-93
10001988,2025FA,4420,5518,-1098
10001989,2025FA,5741,2555,3186
10001990,2025FA,4659,2512,2147
10001991,2025FA,4844,4807,37
10001991,2025SP,6617,4024,2593
10001992,2025FA,7961,4583,3378
10001993,2025FA,10043,3206,6837
10001993,2025SP,3519,4269,-750
10001994,2025FA,8586,3904,4682
10001995,2025FA,4588,6069,-1481
10001995,2025SP,4707,6130,-1423
10001996,2025FA,4916,3524,1392
10001996,2025SP,6847,4066,2781
10001997,2025FA,4466,3803,663
10001997,2025SP,6699,4588,2111
10001998,2025FA,4856,5592,-736
10001999,2025FA,5538,1517,4021
10002000,2025FA,6116,2650,3466
10002001,2025FA,5040,6275,-1235
10002002,2025FA,8806,4861,3945
10002002,2025SP,6859,2551,4308
10002003,2025FA,6324,2548,3776
10002004,2025FA,4317,957,3360
10002005,2025FA,6055,5491,564
10002005,2025SP,3864,2371,1493
10002006,2025FA,5259,4126,1133
10002007,2025FA,4347,2465,1882
10002007,2025SP,5026,1497,3529
10002008,2025FA,6168,2802,3366
10002009,2025FA,5275,4209,1066
10002010,2025FA,9456,4444,5012
10002010,2025SP,7961,600,7361
10002011,2025FA,11407,4099,7308
10002012,2025FA,5075,3013,2062
10002013,2025FA,4708,3792,916
10002014,2025FA,4767,306,4461
10002014,2025SP,7992,2420,5572
10002015,2025FA,6082,1960,4122
10002015,2025SP,3885,1347,2538
10002016,2025FA,4876,603,4273
10002016,2025SP,6776,5412,1364
10002017,2025FA,5434,2404,3030
10002018,2025FA,4378,3804,574
10002019,2025FA,4562,3850,712
10002019,2025SP,7266,2304,4962
10002020,2025FA,8555,1444,7111
10002020,2025SP,8012,5923,2089
10002021,2025FA,10129,3033,7096
10002021,2025SP,3877,4690,-813
10002022,2025FA,6564,4325,2239
10002023,2025FA,5764,2041,3723
10002024,2025FA,4891,2293,2598
10002025,2025FA,4744,3911,833
10002026,2025FA,8642,3859,4783
10002027,2025FA,4498,3790,708
10002028,2025FA,9237,2451,6786
10002029,2025FA,4667,5309,-642
10002030,2025FA,6565,2820,3745
10002030,2025SP,9966,2817,7149
10002031,2025FA,5238,3988,1250
10002031,2025SP,5103,1745,3358
10002032,2025FA,4772,3980,792
10002032,2025SP,8590,2067,6523
10002033,2025FA,5245,6050,-805
10002034,2025FA,11340,761,10579
10002035,2025FA,5023,3905,1118
10002035,2025SP,9997,6272,3725
10002036,2025FA,5028,1689,3339
10002037,2025FA,5482,7933,-2451
10002038,2025FA,6083,3774,2309
10002039,2025FA,10627,8380,2247
10002040,2025FA,4576,3472,1104
10002040,2025SP,6180,2039,4141
10002041,2025FA,4786,4633,153
10002042,2025FA,4737,5443,-706
10002043,2025FA,5505,1694,3811
10002043,2025SP,3470,1793,1677
10002044,2025FA,4887,2006,2881
10002045,2025FA,4534,3340,1194
10002045,2025SP,4771,4771,0
10002046,2025FA,8739,5797,2942
10002047,2025FA,5943,4681,1262
10002048,2025FA,5550,1821,3729
10002048,2025SP,4412,5281,-869
10002049,2025FA,4729,1257,3472
10002049,2025SP,4566,2294,2272
10002050,2025FA,5800,1749,4051
10002051,2025FA,5760,3151,2609
10002051,2025SP,4803,1811,2992
10002052,2025FA,9378,959,8419
10002053,2025FA,5715,2493,3222
10002054,2025FA,11265,850,10415
10002054,2025SP,8636,1992,6644
10002055,2025FA,8173,3178,4995
10002056,2025FA,8698,1500,7198
10002057,2025FA,5188,1826,3362
10002058,2025FA,9380,4353,5027
10002058,2025SP,3494,2463,1031
10002059,2025FA,4784,3017,1767
10002060,2025FA,10592,1961,8631
10002061,2025FA,9234,5149,4085
10002062,2025FA,5013,6741,-1728
10002062,2025SP,5083,3123,1960
10002063,2025FA,4697,2291,2406
10002064,2025FA,5006,1465,3541
10002064,2025SP,3407,2604,803
10002065,2025FA,6333,2686,3647
10002066,2025FA,4817,5501,-684
10002067,2025FA,4310,3620,690
10002068,2025FA,6668,1988,4680
10002069,2025FA,4710,2276,2434
10002069,2025SP,3489,4602,-1113
10002070,2025FA,4796,4554,242
10002070,2025SP,4458,2161,2297
10002071,2025FA,4449,1475,2974
10002072,2025FA,4708,2089,2619
10002073,2025FA,8698,4746,3952
10002074,2025FA,10566,2221,8345
10002074,2025SP,9236,1379,7857
10002075,2025FA,10521,4684,5837
10002076,2025FA,5864,4290,1574
10002076,2025SP,3517,3094,423
10002077,2025FA,5211,5176,35
10002078,2025FA,5150,3735,1415
10002078,2025SP,3892,2602,1290
10002079,2025FA,10628,4272,6356
10002080,2025FA,10716,591,10125
10002081,2025FA,4678,4443,235
10002082,2025FA,6220,2236,3984
10002083,2025FA,8831,775,8056
10002084,2025FA,4469,3830,639
10002084,2025SP,3426,1649,1777
10002085,2025FA,6929,2808,4121
10002086,2025FA,4460,4575,-115
10002087,2025FA,11193,2579,8614
10002088,2025FA,5714,2640,3074
10002088,2025SP,4398,2954,1444
10002089,2025FA,5435,2215,3220
10002089,2025SP,4476,3466,1010
10002090,2025FA,4717,913,3804
10002091,2025FA,8030,4908,3122
10002091,2025SP,3669,1840,1829
10002092,2025FA,6086,4445,1641
10002092,2025SP,4064,1486,2578
10002093,2025FA,5718,2251,3467
10002093,2025SP,6701,3149,3552
10002094,2025FA,9441,1790,7651
10002094,2025SP,3549,3970,-421
10002095,2025FA,8058,2005,6053
10002095,2025SP,6055,3997,2058
10002096,2025FA,4760,783,3977
10002097,2025FA,5998,549,5449
10002098,2025FA,4456,3956,500
10002099,2025FA,6138,1473,4665
10002099,2025SP,8689,3287,5402
10002100,2025FA,4304,3420,884
10002100,2025SP,3382,3096,286
10002101,2025FA,5558,4425,1133
10002102,2025FA,5169,2941,2228
10002103,2025FA,11193,3257,7936
10002104,2025FA,5115,3725,1390
10002105,2025FA,6661,3463,3198
10002106,2025FA,4890,1776,3114
10002106,2025SP,8812,4853,3959
10002107,2025FA,8065,3488,4577
10002108,2025FA,6278,3428,2850
10002109,2025FA,5152,5825,-673
10002110,2025FA,5737,1785,3952
10002110,2025SP,3460,2700,760
10002111,2025FA,4450,2605,1845
10002112,2025FA,4716,2520,2196
10002113,2025FA,5042,4059,983
10002114,2025FA,6099,1251,4848
10002114,2025SP,3856,2994,862
10002115,2025FA,5913,4964,949
10002116,2025FA,6136,3813,2323
10002117,2025FA,9210,2766,6444
10002117,2025SP,5062,4733,329
10002118,2025FA,6450,994,5456
10002119,2025FA,8730,2997,5733
10002120,2025FA,4655,3828,827
10002120,2025SP,6638,2930,3708
10002121,2025FA,4727,5791,-1064
10002122,2025FA,5040,250,4790
10002123,2025FA,4841,607,4234
10002123,2025SP,4769,4411,358
10002124,2025FA,5099,2886,2213
10002125,2025FA,4672,3437,1235
10002126,2025FA,9288,6058,3230
10002127,2025FA,6278,1109,5169
10002128,2025FA,4562,4127,435
10002129,2025FA,5155,5001,154
10002130,2025FA,5917,1199,4718
10002130,2025SP,3773,3637,136
10002131,2025FA,4866,4126,740
10002132,2025FA,5161,4237,924
10002133,2025FA,5923,5724,199
10002133,2025SP,5065,2712,2353
10002134,2025FA,4840,1074,3766
10002135,2025FA,4765,5421,-656
10002135,2025SP,5094,3315,1779
10002136,2025FA,6090,1948,4142
10002137,2025FA,8054,4120,3934
10002138,2025FA,10126,3507,6619
10002138,2025SP,3451,2459,992
10002139,2025FA,8758,3130,5628
10002140,2025FA,4802,364,4438
10002140,2025SP,3417,7247,-3830
10002141,2025FA,5622,6574,-952
10002142,2025FA,6126,5751,375
10002142,2025SP,3544,2213,1331
10002143,2025FA,9319,7192,2127
10002143,2025SP,4216,2702,1514
10002144,2025FA,7393,2419,4974
10002145,2025FA,4882,3982,900
10002145,2025SP,8598,6236,2362
10002146,2025FA,4793,3396,1397
10002146,2025SP,5045,3756,1289
10002147,2025FA,7936,494,7442
10002147,2025SP,5003,3911,1092
10002148,2025FA,5487,2555,2932
10002149,2025FA,5503,1698,3805
10002150,2025FA,4815,2248,2567
10002150,2025SP,3393,2579,814
10002151,2025FA,8556,1828,6728
10002152,2025FA,5898,3708,2190
10002153,2025FA,8169,2422,5747
10002154,2025FA,9481,852,8629
10002155,2025FA,4718,4764,-46
10002155,2025SP,9951,2945,7006
10002156,2025FA,4828,6526,-1698
10002157,2025FA,6115,2438,3677
10002157,2025SP,6715,4518,2197
10002158,2025FA,11236,4704,6532
10002158,2025SP,3457,819,2638
10002159,2025FA,8825,5494,3331
10002160,2025FA,5449,3838,1611
10002161,2025FA,5286,234,5052
10002161,2025SP,5193,2690,2503
10002162,2025FA,8002,576,7426
10002162,2025SP,8648,2579,6069
10002163,2025FA,4944,3940,1004
10002164,2025FA,5140,1911,3229
10002165,2025FA,10546,1577,8969
10002165,2025SP,3283,6560,-3277
10002166,2025FA,4806,6340,-1534
10002167,2025FA,4907,5731,-824
10002168,2025FA,5359,450,4909
10002169,2025FA,4870,5422,-552
10002169,2025SP,10685,2542,8143
10002170,2025FA,5744,2851,2893
10002171,2025FA,5012,3738,1274
10002171,2025SP,6171,2928,3243
10002172,2025FA,4443,1859,2584
10002173,2025FA,5181,4766,415
10002173,2025SP,4186,1492,2694
10002174,2025FA,4435,4133,302
10002174,2025SP,3384,2010,1374
10002175,2025FA,10685,5404,5281
10002175,2025SP,3816,3392,424
10002176,2025FA,4838,5191,-353
10002177,2025FA,6981,2557,4424
10002178,2025FA,9459,2332,7127
10002178,2025SP,3664,2120,1544
10002179,2025FA,5298,567,4731
10002180,2025FA,4901,4206,695
10002181,2025FA,5270,6943,-1673
10002182,2025FA,8618,2777,5841
10002183,2025FA,6345,3002,3343
10002184,2025FA,8019,5058,2961
10002185,2025FA,11997,2399,9598
10002186,2025FA,9379,597,8782
10002186,2025SP,8576,1434,7142
10002187,2025FA,5049,2870,2179
10002188,2025FA,4767,1240,3527
10002189,2025FA,4931,3603,1328
10002190,2025FA,4800,4711,89
10002190,2025SP,6750,1886,4864
10002191,2025FA,6334,3191,3143
10002192,2025FA,9416,2763,6653
10002192,2025SP,8635,1855,6780
10002193,2025FA,6143,3617,2526
10002194,2025FA,4941,4869,72
10002194,2025SP,4537,4624,-87
10002195,2025FA,9283,2598,6685
10002196,2025FA,4713,4330,383
10002197,2025FA,5970,5147,823
10002197,2025SP,3409,3321,88
10002198,2025FA,8705,3812,4893
10002198,2025SP,4728,3109,1619
10002199,2025FA,8608,2068,6540
10002200,2025FA,5854,2979,2875
10002201,2025FA,5706,1809,3897
10002202,2025FA,11440,3690,7750
10002203,2025FA,4678,1065,3613
10002203,2025SP,4389,3892,497
10002204,2025FA,4327,2877,1450
10002205,2025FA,10507,1631,8876
10002206,2025FA,12041,1427,10614
10002206,2025SP,3527,1984,1543
10002207,2025FA,10763,1000,9763
10002207,2025SP,9274,2897,6377
10002208,2025FA,5572,2339,3233
10002209,2025FA,5836,3466,2370
10002209,2025SP,8844,2312,6532
10002210,2025FA,4697,5338,-641
10002211,2025FA,9910,2877,7033
10002212,2025FA,5945,2998,2947
10002212,2025SP,7263,3876,3387
10002213,2025FA,4323,1471,2852
10002214,2025FA,4755,2696,2059
10002215,2025FA,5149,1680,3469
10002216,2025FA,6419,2030,4389
10002217,2025FA,6151,2413,3738
10002217,2025SP,4381,3251,1130
10002218,2025FA,6222,4013,2209
10002219,2025FA,4514,4003,511
10002220,2025FA,5531,1916,3615
10002221,2025FA,4725,2663,2062
10002222,2025FA,5055,3726,1329
10002222,2025SP,3392,4617,-1225
10002223,2025FA,5029,1887,3142
10002224,2025FA,5240,4119,1121
10002224,2025SP,3350,1137,2213
10002225,2025FA,5953,2318,3635
10002225,2025SP,8654,6133,2521
10002226,2025FA,4811,1204,3607
10002226,2025SP,4173,3596,577
10002227,2025FA,5479,3390,2089
10002228,2025FA,4686,3747,939
10002228,2025SP,3623,326,3297
10002229,2025FA,4468,310,4158
10002229,2025SP,8583,2655,5928
10002230,2025FA,5384,3649,1735
10002231,2025FA,7900,2652,5248
10002231,2025SP,4231,1859,2372
10002232,2025FA,4922,4778,144
10002232,2025SP,4440,5596,-1156
10002233,2025FA,4846,1479,3367
10002234,2025FA,5985,3101,2884
10002235,2025FA,4327,4167,160
10002236,2025FA,5870,3507,2363
10002236,2025SP,3394,2877,517
10002237,2025FA,4403,1676,2727
10002238,2025FA,4413,2815,1598
10002239,2025FA,6118,4626,1492
10002239,2025SP,3879,1739,2140
10002240,2025FA,5756,3172,2584
10002241,2025FA,9491,3233,6258
10002242,2025FA,9240,3981,5259
10002243,2025FA,5248,733,4515
10002244,2025FA,5079,3863,1216
10002244,2025SP,3441,512,2929
10002245,2025FA,4875,3795,1080
10002246,2025FA,6187,1767,4420
10002247,2025FA,5787,3194,2593
10002248,2025FA,10791,3156,7635
10002249,2025FA,4561,647,3914
10002249,2025SP,3641,3665,-24
10002250,2025FA,7974,1943,6031
10002251,2025FA,9940,3919,6021
10002251,2025SP,3412,1056,2356
10002252,2025FA,10597,5471,5126
10002252,2025SP,5011,7168,-2157
10002253,2025FA,11263,779,10484
10002254,2025FA,11179,1187,9992
10002255,2025FA,4344,421,3923
10002256,2025FA,11318,4309,7009
10002256,2025SP,7927,3440,4487
10002257,2025FA,4847,3018,1829
10002257,2025SP,7334,7370,-36
10002258,2025FA,6779,4714,2065
10002259,2025FA,5147,3246,1901
10002260,2025FA,8721,2629,6092
10002261,2025FA,10707,4772,5935
10002262,2025FA,11171,2354,8817
10002263,2025FA,4459,4106,353
10002263,2025SP,5479,1765,3714
10002264,2025FA,4584,2451,2133
10002265,2025FA,5846,3589,2257
10002265,2025SP,3471,5024,-1553
10002266,2025FA,4686,1489,3197
10002267,2025FA,8157,2118,6039
10002267,2025SP,3474,5000,-1526
10002268,2025FA,8591,2150,6441
10002268,2025SP,4674,2202,2472
10002269,2025FA,4402,2489,1913
10002270,2025FA,5237,2035,3202
10002270,2025SP,4064,2949,1115
10002271,2025FA,4666,4669,-3
10002271,2025SP,4784,1901,2883
10002272,2025FA,4694,2495,2199
10002272,2025SP,8581,1912,6669
10002273,2025FA,4690,5128,-438
10002274,2025FA,8063,4167,3896
10002275,2025FA,10071,5147,4924
10002275,2025SP,9398,6707,2691
10002276,2025FA,8017,2349,5668
10002276,2025SP,4532,3465,1067
10002277,2025FA,5389,3354,2035
10002278,2025FA,4583,3601,982
10002279,2025FA,5166,6697,-1531
10002280,2025FA,4676,4493,183
10002281,2025FA,8021,3012,5009
10002282,2025FA,8805,4828,3977
10002283,2025FA,6207,3191,3016
10002283,2025SP,3709,5468,-1759
10002284,2025FA,5142,7112,-1970
10002285,2025FA,8190,4189,4001
10002286,2025FA,4788,4747,41
10002287,2025FA,4696,4101,595
10002287,2025SP,6240,2442,3798
10002288,2025FA,5644,6994,-1350
10002288,2025SP,3678,3572,106
10002289,2025FA,10522,4048,6474
10002289,2025SP,5094,5004,90
10002290,2025FA,5096,4501,595
10002290,2025SP,3976,5582,-1606
10002291,2025FA,5611,3169,2442
10002291,2025SP,3769,3297,472
10002292,2025FA,6146,3251,2895
10002292,2025SP,4755,5047,-292
10002293,2025FA,5800,1826,3974
10002293,2025SP,5644,1611,4033
10002294,2025FA,5194,3151,2043
10002294,2025SP,5238,635,4603
10002295,2025FA,8608,1556,7052
10002295,2025SP,8727,3307,5420
10002296,2025FA,4322,4128,194
10002296,2025SP,4160,2281,1879
10002297,2025FA,4828,1461,3367
10002298,2025FA,8559,930,7629
10002298,2025SP,4925,3272,1653
10002299,2025FA,4734,2152,2582
10002299,2025SP,3890,4296,-406
10002300,2025FA,4815,3203,1612
10002301,2025FA,4732,4900,-168
10002302,2025FA,4508,4350,158
10002303,2025FA,6104,4165,1939
10002304,2025FA,4916,4281,635
10002305,2025FA,6231,2020,4211
10002306,2025FA,4765,3161,1604
10002307,2025FA,8805,3111,5694
10002307,2025SP,7329,1866,5463
10002308,2025FA,4689,3618,1071
10002309,2025FA,9425,4183,5242
10002310,2025FA,9864,3582,6282
10002310,2025SP,6722,3070,3652
10002311,2025FA,6216,5189,1027
10002311,2025SP,4380,2207,2173
10002312,2025FA,6143,584,5559
10002312,2025SP,4792,2120,2672
10002313,2025FA,4691,5994,-1303
10002313,2025SP,4814,2997,1817
10002314,2025FA,4842,3671,1171
10002315,2025FA,4883,2324,2559
10002316,2025FA,4697,4604,93
10002316,2025SP,3481,2439,1042
10002317,2025FA,4376,4350,26
10002317,2025SP,3348,2140,1208
10002318,2025FA,6217,942,5275
10002318,2025SP,3513,4220,-707
10002319,2025FA,4851,4760,91
10002319,2025SP,4830,3463,1367
10002320,2025FA,8171,5629,2542
10002320,2025SP,7989,4455,3534
10002321,2025FA,8039,2701,5338
10002321,2025SP,4929,1229,3700
10002322,2025FA,5289,3509,1780
10002323,2025FA,5217,4824,393
10002324,2025FA,8688,3281,5407
10002325,2025FA,5535,6278,-743
10002325,2025SP,8194,6357,1837
10002326,2025FA,8780,4165,4615
10002327,2025FA,4835,4602,233
10002328,2025FA,4811,949,3862
10002329,2025FA,10057,2963,7094
10002329,2025SP,3706,310,3396
10002330,2025FA,4874,1988,2886
10002330,2025SP,7302,4805,2497
10002331,2025FA,4667,6017,-1350
10002331,2025SP,7437,4658,2779
10002332,2025FA,9390,5649,3741
10002332,2025SP,5225,1841,3384
10002333,2025FA,5141,5531,-390
10002333,2025SP,4318,2949,1369
10002334,2025FA,6159,6890,-731
10002335,2025FA,4773,3916,857
10002336,2025FA,4518,5322,-804
10002336,2025SP,5994,1952,4042
10002337,2025FA,5800,3380,2420
10002338,2025FA,4414,1245,3169
10002339,2025FA,5416,1229,4187
10002339,2025SP,4735,5569,-834
10002340,2025FA,11410,2137,9273
10002341,2025FA,10561,1295,9266
10002342,2025FA,5748,5125,623
10002342,2025SP,5502,4010,1492
10002343,2025FA,4582,296,4286
10002343,2025SP,4025,2806,1219
10002344,2025FA,5412,5605,-193
10002345,2025FA,5358,1825,3533
10002346,2025FA,10049,1456,8593
10002347,2025FA,10013,3257,6756
10002347,2025SP,8684,5189,3495
10002348,2025FA,9886,5816,4070
10002349,2025FA,4816,4606,210
10002350,2025FA,10667,6448,4219
10002351,2025FA,4368,2387,1981
10002352,2025FA,9387,1199,8188
10002352,2025SP,8588,3006,5582
10002353,2025FA,5588,3677,1911
10002354,2025FA,6186,7344,-1158
10002355,2025FA,8107,6343,1764
10002356,2025FA,5475,2872,2603
10002356,2025SP,4304,4611,-307
10002357,2025FA,4423,1237,3186
10002358,2025FA,10596,3925,6671
10002359,2025FA,11450,2169,9281
10002360,2025FA,8575,576,7999
10002360,2025SP,7931,2809,5122
10002361,2025FA,4379,4139,240
10002361,2025SP,9256,5015,4241
10002362,2025FA,4751,2854,1897
10002363,2025FA,10094,1903,8191
10002363,2025SP,3438,293,3145
10002364,2025FA,4518,2336,2182
10002365,2025FA,6133,7171,-1038
10002365,2025SP,8789,2086,6703
10002366,2025FA,8688,5626,3062
10002367,2025FA,4820,6155,-1335
10002368,2025FA,4908,888,4020
10002368,2025SP,3381,5983,-2602
10002369,2025FA,8693,3152,5541
10002370,2025FA,6586,4877,1709
10002371,2025FA,4856,4112,744
10002371,2025SP,6734,5309,1425
10002372,2025FA,5970,4954,1016
10002372,2025SP,4919,3381,1538
10002373,2025FA,8745,919,7826
10002373,2025SP,4225,1541,2684
10002374,2025FA,8782,1073,7709
10002375,2025FA,4907,3861,1046
10002376,2025FA,9487,2276,7211
10002377,2025FA,5747,3477,2270
10002377,2025SP,4509,4481,28
10002378,2025FA,4737,3410,1327
10002379,2025FA,9219,1899,7320
10002379,2025SP,4853,4836,17
10002380,2025FA,5439,4295,1144
10002381,2025FA,9955,1336,8619
10002381,2025SP,8194,556,7638
10002382,2025FA,6601,6525,76
10002383,2025FA,6478,1198,5280
10002384,2025FA,4680,3557,1123
10002384,2025SP,4146,3477,669
10002385,2025FA,4830,1006,3824
10002386,2025FA,5813,760,5053
10002386,2025SP,8838,892,7946
10002387,2025FA,4896,3339,1557
10002387,2025SP,3790,2927,863
10002388,2025FA,9306,3295,6011
10002389,2025FA,5287,2485,2802
10002390,2025FA,8554,2499,6055
10002391,2025FA,9482,4242,5240
10002392,2025FA,8106,4893,3213
10002392,2025SP,8058,3788,4270
10002393,2025FA,9952,719,9233
10002393,2025SP,6043,3125,2918
10002394,2025FA,5201,3662,1539
10002394,2025SP,6233,2012,4221
10002395,2025FA,9856,1591,8265
10002396,2025FA,5169,4796,373
10002396,2025SP,3873,3557,316
10002397,2025FA,5033,5293,-260
10002397,2025SP,9407,5338,4069
10002398,2025FA,6160,1654,4506
10002399,2025FA,5267,4269,998
10002399,2025SP,5009,5055,-46
10002400,2025FA,4934,3638,1296
10002401,2025FA,4652,2051,2601
10002402,2025FA,4383,362,4021
10002402,2025SP,6200,641,5559
10002403,2025FA,10767,1348,9419
10002404,2025FA,5589,3908,1681
10002405,2025FA,9374,2185,7189
10002406,2025FA,9981,2244,7737
10002407,2025FA,5565,3067,2498
10002407,2025SP,8668,4965,3703
10002408,2025FA,9259,3728,5531
10002408,2025SP,5296,3444,1852
10002409,2025FA,5291,1882,3409
10002410,2025FA,10714,1564,9150
10002410,2025SP,6113,3998,2115
10002411,2025FA,8670,3663,5007
10002412,2025FA,4707,2749,1958
10002412,2025SP,8189,2193,5996
10002413,2025FA,8107,1688,6419
10002414,2025FA,4449,6853,-2404
10002415,2025FA,5244,840,4404
10002416,2025FA,5625,1047,4578
10002416,2025SP,4884,2768,2116
10002417,2025FA,11252,5450,5802
10002417,2025SP,4840,3599,1241
10002418,2025FA,8553,3976,4577
10002419,2025FA,4415,7185,-2770
10002420,2025FA,4754,3378,1376
10002420,2025SP,6733,6088,645
10002421,2025FA,6130,2662,3468
10002422,2025FA,5205,2586,2619
10002423,2025FA,6243,2308,3935
10002424,2025FA,10025,1499,8526
10002424,2025SP,8824,2732,6092
10002425,2025FA,10135,2715,7420
10002426,2025FA,10084,5054,5030
10002426,2025SP,5056,2698,2358
10002427,2025FA,8566,4396,4170
10002427,2025SP,8598,3190,5408
10002428,2025FA,6260,1832,4428
10002429,2025FA,5020,2914,2106
10002429,2025SP,4592,1120,3472
10002430,2025FA,10633,3206,7427
10002430,2025SP,3889,2530,1359
10002431,2025FA,8561,7647,914
10002431,2025SP,3648,3867,-219
10002432,2025FA,5161,5523,-362
10002432,2025SP,4065,4192,-127
10002433,2025FA,8666,6838,1828
10002434,2025FA,4897,2568,2329
10002435,2025FA,8822,2813,6009
10002436,2025FA,9315,909,8406
10002436,2025SP,6788,5860,928
10002437,2025FA,5478,4663,815
10002438,2025FA,9913,4068,5845
10002438,2025SP,3293,2558,735
10002439,2025FA,5214,3057,2157
10002440,2025FA,5464,5467,-3
10002441,2025FA,4436,4663,-227
10002442,2025FA,4839,1230,3609
10002442,2025SP,3674,3904,-230
10002443,2025FA,5175,3004,2171
10002443,2025SP,6107,3769,2338
10002444,2025FA,4941,3361,1580
10002444,2025SP,3467,3724,-257
10002445,2025FA,8605,4342,4263
10002446,2025FA,5086,250,4836
10002447,2025FA,9399,1585,7814
10002448,2025FA,6408,1572,4836
10002448,2025SP,4391,4933,-542
10002449,2025FA,4849,6395,-1546
10002449,2025SP,6873,3842,3031
10002450,2025FA,6574,1465,5109
10002451,2025FA,4391,5396,-1005
10002451,2025SP,4250,3830,420
10002452,2025FA,5001,4454,547
10002453,2025FA,4412,993,3419
10002454,2025FA,5808,3755,2053
10002455,2025FA,6332,5319,1013
10002455,2025SP,3776,2970,806
10002456,2025FA,4815,4448,367
10002457,2025FA,5926,2943,2983
10002458,2025FA,9302,7338,1964
10002459,2025FA,5245,5058,187
10002460,2025FA,8104,4636,3468
10002460,2025SP,3774,3990,-216
10002461,2025FA,4896,3927,969
10002462,2025FA,7902,1221,6681
10002463,2025FA,4891,2838,2053
10002464,2025FA,5025,2033,2992
10002465,2025FA,5584,5926,-342
10002466,2025FA,5914,4324,1590
10002467,2025FA,6251,4783,1468
10002467,2025SP,5246,1980,3266
10002468,2025FA,4375,3490,885
10002469,2025FA,6637,2679,3958
10002469,2025SP,8558,5288,3270
10002470,2025FA,10601,638,9963
10002470,2025SP,4528,5574,-1046
10002471,2025FA,4856,2410,2446
10002472,2025FA,5975,936,5039
10002473,2025FA,4398,3821,577
10002474,2025FA,9200,1446,7754
10002475,2025FA,6637,7619,-982
10002476,2025FA,8071,1363,6708
10002477,2025FA,4810,2925,1885
10002478,2025FA,6623,2434,4189
10002479,2025FA,6998,6121,877
10002479,2025SP,3648,2960,688
10002480,2025FA,5261,3144,2117
10002481,2025FA,5147,2807,2340
10002481,2025SP,6003,4025,1978
10002482,2025FA,4696,6190,-1494
10002482,2025SP,4902,5154,-252
10002483,2025FA,5476,2951,2525
10002483,2025SP,9289,1784,7505
10002484,2025FA,4751,4731,20
10002484,2025SP,4358,6226,-1868
10002485,2025FA,9225,5483,3742
10002485,2025SP,3885,3881,4
10002486,2025FA,5784,4075,1709
10002486,2025SP,9359,3830,5529
10002487,2025FA,5217,5669,-452
10002488,2025FA,4796,6611,-1815
10002489,2025FA,10638,1988,8650
10002489,2025SP,5530,4061,1469
10002490,2025FA,5984,3501,2483
10002490,2025SP,3436,1312,2124
10002491,2025FA,12059,6313,5746
10002492,2025FA,4739,3038,1701
10002492,2025SP,4695,2457,2238
10002493,2025FA,5393,4068,1325
10002494,2025FA,9486,6136,3350
10002495,2025FA,5630,1979,3651
10002496,2025FA,4871,1746,3125
10002496,2025SP,4660,4522,138
10002497,2025FA,4582,3210,1372
10002498,2025FA,5487,4028,1459
10002499,2025FA,8656,7933,723
10002500,2025FA,5471,1687,3784
10002501,2025FA,4911,4775,136
10002502,2025FA,6118,3598,2520
10002502,2025SP,4353,3137,1216
10002503,2025FA,5177,5697,-520
10002504,2025FA,6341,8316,-1975
10002505,2025FA,7916,3692,4224
10002505,2025SP,4229,4114,115
10002506,2025FA,11155,1088,10067
10002507,2025FA,5554,4949,605
10002507,2025SP,8664,2594,6070
10002508,2025FA,6472,2483,3989
10002508,2025SP,4879,1937,2942
10002509,2025FA,4316,3675,641
10002510,2025FA,5053,3338,1715
10002510,2025SP,8602,962,7640
10002511,2025FA,6596,3849,2747
10002511,2025SP,4169,7642,-3473
10002512,2025FA,4700,2705,1995
10002513,2025FA,4356,2480,1876
10002513,2025SP,6764,3128,3636
10002514,2025FA,9357,3607,5750
10002514,2025SP,4480,1315,3165
10002515,2025FA,6132,1114,5018
10002515,2025SP,4245,4075,170
10002516,2025FA,4836,3734,1102
10002516,2025SP,5169,5180,-11
10002517,2025FA,4415,4397,18
10002517,2025SP,5142,3587,1555
10002518,2025FA,6234,845,5389
10002519,2025FA,4789,4295,494
10002520,2025FA,5985,1883,4102
10002520,2025SP,8554,2579,5975
10002521,2025FA,8574,3192,5382
10002522,2025FA,5229,1246,3983
10002522,2025SP,5221,3865,1356
10002523,2025FA,6203,2424,3779
10002523,2025SP,3260,3686,-426
10002524,2025FA,10032,2603,7429
10002525,2025FA,8188,1369,6819
10002526,2025FA,4728,1625,3103
10002526,2025SP,9322,991,8331
10002527,2025FA,6094,2083,4011
10002527,2025SP,3297,5826,-2529
10002528,2025FA,4662,2367,2295
10002528,2025SP,8833,5679,3154
10002529,2025FA,5838,2474,3364
10002529,2025SP,8619,3534,5085
10002530,2025FA,5369,4520,849
10002531,2025FA,9384,3201,6183
10002531,2025SP,7988,5970,2018
10002532,2025FA,10076,2529,7547
10002533,2025FA,4359,1214,3145
10002533,2025SP,4664,2149,2515
10002534,2025FA,5259,357,4902
10002535,2025FA,8750,4902,3848
10002535,2025SP,3819,5503,-1684
10002536,2025FA,5804,1742,4062
10002537,2025FA,4910,3882,1028
10002537,2025SP,4418,3939,479
10002538,2025FA,6661,5623,1038
10002539,2025FA,12048,4849,7199
10002540,2025FA,8726,4882,3844
10002541,2025FA,5356,6541,-1185
10002542,2025FA,4697,4066,631
10002543,2025FA,5520,2961,2559
10002544,2025FA,4807,4461,346
10002544,2025SP,4774,4590,184
10002545,2025FA,7917,1088,6829
10002546,2025FA,8773,3050,5723
10002546,2025SP,3475,379,3096
10002547,2025FA,5836,4191,1645
10002547,2025SP,3260,1540,1720
10002548,2025FA,10052,1396,8656
10002549,2025FA,4651,2252,2399
10002550,2025FA,4487,5343,-856
10002551,2025FA,8824,1426,7398
10002551,2025SP,8581,4180,4401
10002552,2025FA,4813,368,4445
10002552,2025SP,3637,1869,1768
10002553,2025FA,8619,3668,4951
10002554,2025FA,8069,3134,4935
10002554,2025SP,6692,220,6472
10002555,2025FA,4311,3031,1280
10002556,2025FA,5548,1031,4517
10002557,2025FA,4327,3815,512
10002557,2025SP,9203,2960,6243
10002558,2025FA,4343,3624,719
10002559,2025FA,5103,5097,6
10002560,2025FA,5800,4614,1186
10002560,2025SP,4843,3629,1214
10002561,2025FA,4675,1129,3546
10002561,2025SP,7921,5967,1954
10002562,2025FA,4880,1483,3397
10002562,2025SP,3764,3785,-21
10002563,2025FA,8120,5907,2213
10002563,2025SP,3719,838,2881
10002564,2025FA,4657,788,3869
10002564,2025SP,4513,5808,-1295
10002565,2025FA,5524,1703,3821
10002566,2025FA,6324,1953,4371
10002567,2025FA,5396,1893,3503
10002567,2025SP,4370,4744,-374
10002568,2025FA,4876,5151,-275
10002568,2025SP,5006,3368,1638
10002569,2025FA,9330,2489,6841
10002570,2025FA,4897,1021,3876
10002570,2025SP,3402,5026,-1624
10002571,2025FA,6837,2818,4019
10002572,2025FA,9318,7223,2095
10002573,2025FA,5238,4271,967
10002574,2025FA,5775,2616,3159
10002574,2025SP,5963,3011,2952
10002575,2025FA,5020,2165,2855
10002576,2025FA,5706,2243,3463
10002577,2025FA,4429,4118,311
10002577,2025SP,3456,3011,445
10002578,2025FA,5130,5387,-257
10002579,2025FA,4763,1974,2789
10002580,2025FA,4537,6313,-1776
10002581,2025FA,4430,4611,-181
10002582,2025FA,4553,4341,212
10002582,2025SP,9288,4158,5130
10002583,2025FA,11421,378,11043
10002583,2025SP,8561,3538,5023
10002584,2025FA,5016,3537,1479
10002584,2025SP,5059,2125,2934
10002585,2025FA,4745,287,4458
10002585,2025SP,4825,2162,2663
10002586,2025FA,4656,3109,1547
10002587,2025FA,4934,3484,1450
10002588,2025FA,6268,2588,3680
10002589,2025FA,8072,4874,3198
10002589,2025SP,6665,1039,5626
10002590,2025FA,4715,5936,-1221
10002591,2025FA,8807,3993,4814
10002592,2025FA,5055,3439,1616
10002592,2025SP,4168,573,3595
10002593,2025FA,6197,1333,4864
10002593,2025SP,4654,1661,2993
10002594,2025FA,9386,2419,6967
10002594,2025SP,4945,2654,2291
10002595,2025FA,4416,2588,1828
10002596,2025FA,6335,4903,1432
10002597,2025FA,8012,4494,3518
10002598,2025FA,4525,431,4094
10002598,2025SP,4577,4611,-34
10002599,2025FA,11167,2532,8635
10002599,2025SP,8624,5919,2705
10002600,2025FA,5264,2700,2564
10002600,2025SP,4678,1046,3632
10002601,2025FA,4773,1983,2790
10002601,2025SP,3739,2528,1211
10002602,2025FA,4681,5380,-699
10002603,2025FA,5127,511,4616
10002604,2025FA,6765,4103,2662
10002605,2025FA,5441,4728,713
10002606,2025FA,4728,4288,440
10002606,2025SP,5188,2642,2546
10002607,2025FA,5286,4812,474
10002607,2025SP,8702,1093,7609
10002608,2025FA,4656,3653,1003
10002608,2025SP,3314,1298,2016
10002609,2025FA,5072,308,4764
10002610,2025FA,5766,5114,652
10002611,2025FA,5067,3664,1403
10002611,2025SP,4689,4088,601
10002612,2025FA,4739,2185,2554
10002612,2025SP,3809,1576,2233
10002613,2025FA,6157,1997,4160
10002614,2025FA,8602,1058,7544
10002615,2025FA,11315,1851,9464
10002616,2025FA,5379,2887,2492
10002616,2025SP,3797,3664,133
10002617,2025FA,4453,3653,800
10002618,2025FA,5092,5893,-801
10002619,2025FA,5297,2134,3163
10002619,2025SP,3322,1493,1829
10002620,2025FA,4446,4151,295
10002620,2025SP,8656,4446,4210
10002621,2025FA,4494,1840,2654
10002622,2025FA,5557,1902,3655
10002622,2025SP,3708,5096,-1388
10002623,2025FA,9388,3749,5639
10002624,2025FA,5032,2713,2319
10002625,2025FA,8760,2945,5815
10002626,2025FA,5102,4818,284
10002626,2025SP,6657,1903,4754
10002627,2025FA,4544,4450,94
10002627,2025SP,6169,2785,3384
10002628,2025FA,4745,5420,-675
10002629,2025FA,5877,4875,1002
10002629,2025SP,3549,2086,1463
10002630,2025FA,8672,1983,6689
10002630,2025SP,3387,6383,-2996
10002631,2025FA,5226,612,4614
10002632,2025FA,7901,2990,4911
10002632,2025SP,5017,4122,895
10002633,2025FA,5923,6132,-209
10002634,2025FA,4823,5459,-636
10002634,2025SP,3345,4266,-921
10002635,2025FA,5021,4335,686
10002635,2025SP,8794,3843,4951
10002636,2025FA,11401,1924,9477
10002636,2025SP,3874,8366,-4492
10002637,2025FA,4744,2964,1780
10002638,2025FA,4878,2554,2324
10002638,2025SP,9874,911,8963
10002639,2025FA,10605,2255,8350
10002640,2025FA,5073,388,4685
10002641,2025FA,4436,3243,1193
10002642,2025FA,9338,4194,5144
10002642,2025SP,7295,5432,1863
10002643,2025FA,4726,3753,973
10002644,2025FA,5951,3756,2195
10002645,2025FA,5384,4099,1285
10002646,2025FA,9237,1685,7552
10002646,2025SP,3293,3202,91
10002647,2025FA,5807,4246,1561
10002648,2025FA,9345,1995,7350
10002649,2025FA,8665,4183,4482
10002649,2025SP,4567,3598,969
10002650,2025FA,6842,2597,4245
10002650,2025SP,7923,4384,3539
10002651,2025FA,4668,1680,2988
10002652,2025FA,8603,3643,4960
10002653,2025FA,4324,3470,854
10002654,2025FA,4457,2646,1811
10002655,2025FA,5098,4706,392
10002655,2025SP,3803,3900,-97
10002656,2025FA,6200,1441,4759
10002656,2025SP,3866,664,3202
10002657,2025FA,5848,5495,353
10002658,2025FA,5221,3665,1556
10002658,2025SP,3274,779,2495
10002659,2025FA,5027,2028,2999
10002660,2025FA,4447,3012,1435
10002661,2025FA,5606,4794,812
10002662,2025FA,9364,607,8757
10002662,2025SP,3856,1726,2130
10002663,2025FA,5148,7020,-1872
10002664,2025FA,6532,2945,3587
10002665,2025FA,5185,4344,841
10002665,2025SP,8582,3517,5065
10002666,2025FA,4563,3869,694
10002667,2025FA,5096,6595,-1499
10002668,2025FA,6491,3005,3486
10002669,2025FA,5810,3831,1979
10002670,2025FA,5213,4158,1055
10002670,2025SP,5089,454,4635
10002671,2025FA,6553,1816,4737
10002671,2025SP,8628,2047,6581
10002672,2025FA,5932,5637,295
10002673,2025FA,5187,3403,1784
10002673,2025SP,6118,2924,3194
10002674,2025FA,5137,4988,149
10002674,2025SP,3693,4242,-549
10002675,2025FA,10669,895,9774
10002676,2025FA,5005,3369,1636
10002676,2025SP,3472,3985,-513
10002677,2025FA,4429,910,3519
10002677,2025SP,3533,5317,-1784
10002678,2025FA,8752,4176,4576
10002679,2025FA,5172,1910,3262
10002680,2025FA,4334,220,4114
10002681,2025FA,4813,3852,961
10002682,2025FA,5747,4413,1334
10002682,2025SP,6625,5466,1159
10002683,2025FA,9919,4431,5488
10002683,2025SP,3994,4575,-581
10002684,2025FA,9321,3517,5804
10002685,2025FA,4821,4081,740
10002685,2025SP,5008,3765,1243
10002686,2025FA,5117,591,4526
10002687,2025FA,10767,3247,7520
10002687,2025SP,5250,2104,3146
10002688,2025FA,5370,3285,2085
10002688,2025SP,5026,3760,1266
10002689,2025FA,7988,3098,4890
10002689,2025SP,8823,1936,6887
10002690,2025FA,5399,1027,4372
10002690,2025SP,6788,2639,4149
10002691,2025FA,9313,3427,5886
10002691,2025SP,8712,2942,5770
10002692,2025FA,5271,3400,1871
10002692,2025SP,6001,5605,396
10002693,2025FA,5714,1068,4646
10002693,2025SP,5280,4722,558
10002694,2025FA,5412,3250,2162
10002695,2025FA,8122,6502,1620
10002696,2025FA,5836,1440,4396
10002696,2025SP,6671,7238,-567
10002697,2025FA,5153,3136,2017
10002698,2025FA,4742,2341,2401
10002698,2025SP,4155,3348,807
10002699,2025FA,12037,2914,9123
10002700,2025FA,5813,922,4891
10002701,2025FA,6346,4452,1894
10002701,2025SP,8165,3004,5161
10002702,2025FA,5382,2450,2932
10002702,2025SP,3770,467,3303
10002703,2025FA,8808,6818,1990
10002704,2025FA,5404,2683,2721
10002705,2025FA,6605,1860,4745
10002706,2025FA,4702,4401,301
10002707,2025FA,4870,4945,-75
10002707,2025SP,4416,4603,-187
10002708,2025FA,8028,3676,4352
10002709,2025FA,7918,1525,6393
10002709,2025SP,4712,4217,495
10002710,2025FA,5640,4886,754
10002711,2025FA,7005,3943,3062
10002712,2025FA,6809,1167,5642
10002712,2025SP,3861,1140,2721
10002713,2025FA,12092,3716,8376
10002714,2025FA,10079,5008,5071
10002714,2025SP,6619,3041,3578
10002715,2025FA,6668,2611,4057
10002716,2025FA,5257,4975,282
10002717,2025FA,5759,3125,2634
10002717,2025SP,4166,3081,1085
10002718,2025FA,4907,6423,-1516
10002718,2025SP,4241,3450,791
10002719,2025FA,8101,5085,3016
10002720,2025FA,5846,4360,1486
10002721,2025FA,4668,4747,-79
10002722,2025FA,5215,3395,1820
10002722,2025SP,3793,4253,-460
10002723,2025FA,7008,2102,4906
10002724,2025FA,6528,4422,2106
10002724,2025SP,9309,361,8948
10002725,2025FA,8602,5038,3564
10002725,2025SP,3336,2247,1089
10002726,2025FA,4556,5096,-540
10002726,2025SP,6662,2825,3837
10002727,2025FA,5241,7214,-1973
10002727,2025SP,8782,264,8518
10002728,2025FA,8196,3638,4558
10002729,2025FA,4940,3247,1693
10002729,2025SP,4484,1192,3292
10002730,2025FA,4499,3663,836
10002731,2025FA,4407,1271,3136
10002732,2025FA,8689,7154,1535
10002733,2025FA,8831,2461,6370
10002734,2025FA,4591,4256,335
10002735,2025FA,4680,3891,789
10002735,2025SP,7965,5286,2679
10002736,2025FA,4667,2478,2189
10002737,2025FA,5861,1905,3956
10002738,2025FA,6311,2855,3456
10002738,2025SP,8692,2230,6462
10002739,2025FA,4843,2515,2328
10002739,2025SP,5233,4067,1166
10002740,2025FA,5009,1190,3819
10002741,2025FA,4505,4376,129
10002742,2025FA,10770,4478,6292
10002743,2025FA,4682,1811,2871
10002744,2025FA,4531,2669,1862
10002745,2025FA,5435,4730,705
10002746,2025FA,8747,4681,4066
10002747,2025FA,6501,1958,4543
10002748,2025FA,4505,2184,2321
10002749,2025FA,4942,3661,1281
10002750,2025FA,5127,4920,207
10002751,2025FA,5938,2571,3367
10002752,2025FA,6638,3765,2873
10002753,2025FA,4838,2318,2520
10002754,2025FA,7975,2690,5285
10002754,2025SP,4440,4652,-212
10002755,2025FA,5477,2324,3153
10002756,2025FA,6178,2096,4082
10002757,2025FA,8782,1509,7273
10002757,2025SP,4905,1057,3848
10002758,2025FA,4476,3908,568
10002759,2025FA,8725,301,8424
10002759,2025SP,7459,4734,2725
10002760,2025FA,12002,3475,8527
10002760,2025SP,4741,3952,789
10002761,2025FA,4922,8155,-3233
10002762,2025FA,6096,4496,1600
10002762,2025SP,6713,1274,5439
10002763,2025FA,6229,799,5430
10002764,2025FA,6343,3504,2839
10002765,2025FA,6523,5011,1512
10002766,2025FA,4659,3596,1063
10002766,2025SP,8792,5940,2852
10002767,2025FA,4844,4072,772
10002768,2025FA,8638,3595,5043
10002768,2025SP,5256,1519,3737
10002769,2025FA,5189,2072,3117
10002769,2025SP,3618,2549,1069
10002770,2025FA,11252,859,10393
10002770,2025SP,6137,4017,2120
10002771,2025FA,4329,3549,780
10002771,2025SP,6228,4370,1858
10002772,2025FA,4525,4810,-285
10002772,2025SP,9308,3749,5559
10002773,2025FA,8152,901,7251
10002774,2025FA,5197,461,4736
10002774,2025SP,7914,3284,4630
10002775,2025FA,4366,2320,2046
10002776,2025FA,9376,4112,5264
10002777,2025FA,4864,465,4399
10002777,2025SP,5024,4556,468
10002778,2025FA,9362,1658,7704
10002778,2025SP,10090,2058,8032
10002779,2025FA,5869,4189,1680
10002780,2025FA,5028,3783,1245
10002781,2025FA,5749,2404,3345
10002781,2025SP,8599,5380,3219
10002782,2025FA,4865,4478,387
10002783,2025FA,5286,4723,563
10002784,2025FA,5026,5194,-168
10002785,2025FA,5916,7648,-1732
10002786,2025FA,10587,2165,8422
10002786,2025SP,5213,1050,4163
10002787,2025FA,5842,5086,756
10002787,2025SP,4724,1648,3076
10002788,2025FA,6440,1861,4579
10002788,2025SP,6224,1864,4360
10002789,2025FA,4367,2751,1616
10002790,2025FA,6199,888,5311
10002791,2025FA,10534,2621,7913
10002792,2025FA,5570,1600,3970
10002793,2025FA,4374,3094,1280
10002794,2025FA,4524,4809,-285
10002795,2025FA,5090,1728,3362
10002795,2025SP,4233,1237,2996
10002796,2025FA,5471,1980,3491
10002797,2025FA,11325,6811,4514
10002797,2025SP,5268,959,4309
10002798,2025FA,4459,1698,2761
10002798,2025SP,6826,848,5978
10002799,2025FA,11195,1969,9226
10002800,2025FA,8678,620,8058
10002801,2025FA,9202,2271,6931
10002801,2025SP,6618,2247,4371
10002802,2025FA,8794,6059,2735
10002803,2025FA,4346,3559,787
10002804,2025FA,4775,284,4491
10002805,2025FA,8086,4369,3717
10002806,2025FA,6331,2476,3855
10002806,2025SP,4662,2117,2545
10002807,2025FA,4816,1384,3432
10002808,2025FA,5086,3605,1481
10002809,2025FA,4433,3966,467
10002809,2025SP,4936,2499,2437
10002810,2025FA,4915,6452,-1537
10002810,2025SP,4129,1321,2808
10002811,2025FA,4508,1147,3361
10002812,2025FA,4352,560,3792
10002812,2025SP,6250,2073,4177
10002813,2025FA,5517,3111,2406
10002813,2025SP,10102,7113,2989
10002814,2025FA,5478,938,4540
10002814,2025SP,4118,2460,1658
10002815,2025FA,9975,4237,5738
10002816,2025FA,4773,4998,-225
10002816,2025SP,4867,3787,1080
10002817,2025FA,5982,4230,1752
10002818,2025FA,5077,3660,1417
10002818,2025SP,5555,4745,810
10002819,2025FA,6054,5278,776
10002820,2025FA,9399,2476,6923
10002821,2025FA,4928,2415,2513
10002822,2025FA,4567,4447,120
10002822,2025SP,8119,5339,2780
10002823,2025FA,6688,3624,3064
10002824,2025FA,4420,3015,1405
10002824,2025SP,4895,773,4122
10002825,2025FA,5191,4129,1062
10002826,2025FA,5088,3501,1587
10002826,2025SP,5168,3179,1989
10002827,2025FA,9438,4160,5278
10002828,2025FA,4591,441,4150
10002828,2025SP,4481,670,3811
10002829,2025FA,6601,1562,5039
10002829,2025SP,3957,3003,954
10002830,2025FA,8563,4425,4138
10002831,2025FA,5814,4970,844
10002832,2025FA,6055,2980,3075
10002832,2025SP,4420,2222,2198
10002833,2025FA,4559,2849,1710
10002834,2025FA,7967,4062,3905
10002835,2025FA,5052,3113,1939
10002835,2025SP,8725,4321,4404
10002836,2025FA,5040,4042,998
10002837,2025FA,7903,920,6983
10002838,2025FA,4363,1333,3030
10002839,2025FA,6264,1059,5205
10002840,2025FA,5968,659,5309
10002841,2025FA,6346,5460,886
10002841,2025SP,4799,3974,825
10002842,2025FA,8738,7997,741
10002842,2025SP,9419,2990,6429
10002843,2025FA,12097,5026,7071
10002844,2025FA,9347,4385,4962
10002845,2025FA,5792,6273,-481
10002846,2025FA,4353,1992,2361
10002846,2025SP,3871,1845,2026
10002847,2025FA,6337,4802,1535
10002847,2025SP,4525,5226,-701
10002848,2025FA,4300,4106,194
10002849,2025FA,5856,3397,2459
10002849,2025SP,8025,2164,5861
10002850,2025FA,5493,3448,2045
10002851,2025FA,4855,490,4365
10002852,2025FA,4686,1948,2738
10002853,2025FA,4928,1649,3279
10002853,2025SP,9445,5739,3706
10002854,2025FA,4868,1958,2910
10002855,2025FA,6631,1763,4868
10002855,2025SP,9235,2652,6583
10002856,2025FA,4596,3745,851
10002857,2025FA,6290,3783,2507
10002858,2025FA,4942,3983,959
10002859,2025FA,5553,5533,20
10002859,2025SP,6742,2409,4333
10002860,2025FA,11222,3042,8180
10002860,2025SP,3471,2883,588
10002861,2025FA,5141,2409,2732
10002861,2025SP,5506,4187,1319
10002862,2025FA,4372,1751,2621
10002863,2025FA,4902,4571,331
10002863,2025SP,8653,3456,5197
10002864,2025FA,4880,1377,3503
10002865,2025FA,4459,2627,1832
10002866,2025FA,10765,2327,8438
10002866,2025SP,4884,3090,1794
10002867,2025FA,5544,3983,1561
10002868,2025FA,4931,1848,3083
10002868,2025SP,5173,3529,1644
10002869,2025FA,8721,2389,6332
10002869,2025SP,5979,1471,4508
10002870,2025FA,5410,1996,3414
10002870,2025SP,6745,4672,2073
10002871,2025FA,5487,6148,-661
10002871,2025SP,6024,2206,3818
10002872,2025FA,6459,1623,4836
10002872,2025SP,8679,6790,1889
10002873,2025FA,4443,1896,2547
10002873,2025SP,3341,5345,-2004
10002874,2025FA,4683,698,3985
10002874,2025SP,5044,3284,1760
10002875,2025FA,4665,1658,3007
10002875,2025SP,6803,3684,3119
10002876,2025FA,4852,3792,1060
10002877,2025FA,6455,2501,3954
10002878,2025FA,8594,4830,3764
10002879,2025FA,4825,5191,-366
10002880,2025FA,6656,2899,3757
10002881,2025FA,5774,3252,2522
10002882,2025FA,5136,5169,-33
10002883,2025FA,8191,2293,5898
10002884,2025FA,4749,5539,-790
10002884,2025SP,4233,1929,2304
10002885,2025FA,9447,3357,6090
10002885,2025SP,4890,2713,2177
10002886,2025FA,5790,205,5585
10002886,2025SP,8840,4382,4458
10002887,2025FA,5106,4164,942
10002888,2025FA,6231,2250,3981
10002889,2025FA,5998,1959,4039
10002890,2025FA,11205,4771,6434
10002891,2025FA,8194,3497,4697
10002891,2025SP,4511,4040,471
10002892,2025FA,5740,5675,65
10002893,2025FA,6077,374,5703
10002894,2025FA,4672,2747,1925
10002894,2025SP,3653,4705,-1052
10002895,2025FA,10645,5755,4890
10002895,2025SP,4843,4879,-36
10002896,2025FA,4347,3931,416
10002897,2025FA,4941,2701,2240
10002897,2025SP,5733,1399,4334
10002898,2025FA,6224,1886,4338
10002898,2025SP,4827,5753,-926
10002899,2025FA,5460,3207,2253
10002900,2025FA,4935,206,4729
10002901,2025FA,6338,2505,3833
10002902,2025FA,5031,4644,387
10002902,2025SP,4491,2052,2439
10002903,2025FA,8785,4662,4123
10002904,2025FA,11269,2957,8312
10002904,2025SP,6714,1975,4739
10002905,2025FA,4931,3415,1516
10002906,2025FA,4950,4525,425
10002907,2025FA,5371,2811,2560
10002908,2025FA,9929,613,9316
10002908,2025SP,4825,1698,3127
10002909,2025FA,4806,2097,2709
10002910,2025FA,5089,1629,3460
10002910,2025SP,4658,3886,772
10002911,2025FA,6483,4922,1561
10002912,2025FA,5160,2339,2821
10002913,2025FA,4888,2975,1913
10002913,2025SP,3816,4391,-575
10002914,2025FA,5785,2659,3126
10002915,2025FA,10693,2953,7740
10002915,2025SP,4227,4854,-627
10002916,2025FA,9448,1108,8340
10002917,2025FA,4810,3521,1289
10002918,2025FA,8618,2702,5916
10002919,2025FA,4935,3411,1524
10002920,2025FA,4739,2266,2473
10002921,2025FA,8744,959,7785
10002922,2025FA,4346,376,3970
10002923,2025FA,10677,3476,7201
10002923,2025SP,4824,4132,692
10002924,2025FA,8695,1304,7391
10002924,2025SP,3869,4174,-305
10002925,2025FA,10502,4269,6233
10002926,2025FA,7968,1980,5988
10002926,2025SP,3349,2407,942
10002927,2025FA,5619,1771,3848
10002928,2025FA,5638,1464,4174
10002929,2025FA,5000,2365,2635
10002929,2025SP,3815,3578,237
10002930,2025FA,5534,4079,1455
10002931,2025FA,8752,4125,4627
10002932,2025FA,4809,3327,1482
10002932,2025SP,4895,1428,3467
10002933,2025FA,4772,4056,716
10002933,2025SP,4217,1198,3019
10002934,2025FA,4945,6535,-1590
10002935,2025FA,4686,5959,-1273
10002936,2025FA,9344,285,9059
10002937,2025FA,4555,2690,1865
10002937,2025SP,8074,1581,6493
10002938,2025FA,4759,4056,703
10002938,2025SP,7454,3501,3953
10002939,2025FA,5749,1152,4597
10002939,2025SP,4394,462,3932
10002940,2025FA,6124,4547,1577
10002941,2025FA,4815,3477,1338
10002942,2025FA,9224,5716,3508
10002942,2025SP,4695,619,4076
10002943,2025FA,5504,5984,-480
10002944,2025FA,5580,3508,2072
10002944,2025SP,5217,2026,3191
10002945,2025FA,5155,1606,3549
10002946,2025FA,11181,1876,9305
10002946,2025SP,4211,4562,-351
10002947,2025FA,5201,1747,3454
10002948,2025FA,12034,3087,8947
10002949,2025FA,10139,7182,2957
10002950,2025FA,5430,6008,-578
10002951,2025FA,4352,4915,-563
10002952,2025FA,5808,3486,2322
10002953,2025FA,5988,1552,4436
10002954,2025FA,11383,7083,4300
10002955,2025FA,4702,4944,-242
10002955,2025SP,4837,3861,976
10002956,2025FA,5541,1461,4080
10002956,2025SP,6023,3866,2157
10002957,2025FA,4920,7775,-2855
10002957,2025SP,4851,4272,579
10002958,2025FA,11998,4422,7576
10002958,2025SP,5098,2014,3084
10002959,2025FA,6292,1260,5032
10002960,2025FA,5238,2661,2577
10002960,2025SP,8629,3263,5366
10002961,2025FA,11914,1674,10240
10002962,2025FA,5165,3402,1763
10002963,2025FA,5937,1318,4619
10002963,2025SP,3734,3060,674
10002964,2025FA,5563,2819,2744
10002964,2025SP,3708,289,3419
10002965,2025FA,8012,1828,6184
10002966,2025FA,4883,4754,129
10002967,2025FA,5364,1757,3607
10002968,2025FA,4446,1765,2681
10002968,2025SP,4241,2126,2115
10002969,2025FA,11374,4788,6586
10002969,2025SP,4682,1212,3470
10002970,2025FA,5152,3487,1665
10002971,2025FA,4812,3380,1432
10002971,2025SP,9466,3951,5515
10002972,2025FA,9890,1809,8081
10002972,2025SP,3714,2582,1132
10002973,2025FA,8841,2186,6655
10002974,2025FA,6295,3821,2474
10002974,2025SP,6647,5224,1423
10002975,2025FA,5891,2576,3315
10002976,2025FA,4483,2517,1966
10002976,2025SP,6840,3138,3702
10002977,2025FA,4369,1709,2660
10002977,2025SP,4210,3695,515
10002978,2025FA,9220,1242,7978
10002978,2025SP,8171,4555,3616
10002979,2025FA,5215,2886,2329
10002979,2025SP,3648,1941,1707
10002980,2025FA,6401,3322,3079
10002981,2025FA,8842,3323,5519
10002982,2025FA,5160,4618,542
10002983,2025FA,4726,4132,594
10002983,2025SP,8550,4158,4392
10002984,2025FA,5237,3646,1591
10002984,2025SP,6113,2892,3221
10002985,2025FA,9484,5087,4397
10002986,2025FA,8602,1112,7490
10002986,2025SP,9957,4134,5823
10002987,2025FA,6268,3907,2361
10002988,2025FA,7998,552,7446
10002988,2025SP,4663,3557,1106
10002989,2025FA,5025,3837,1188
10002990,2025FA,5043,3487,1556
10002991,2025FA,9224,2245,6979
10002992,2025FA,9972,1334,8638
10002992,2025SP,3820,5199,-1379
10002993,2025FA,10520,3913,6607
10002994,2025FA,4323,4759,-436
10002994,2025SP,5952,4463,1489
10002995,2025FA,5030,2785,2245
10002996,2025FA,10110,3829,6281
10002997,2025FA,4877,288,4589
10002998,2025FA,6107,5128,979
10002999,2025FA,5739,3768,1971
10003000,2025FA,4458,3872,586
10003001,2025FA,5298,4357,941
10003001,2025SP,4033,1444,2589
10003002,2025FA,8692,1257,7435
10003003,2025FA,6095,5110,985
10003004,2025FA,6088,4600,1488
10003005,2025FA,5566,1239,4327
10003005,2025SP,4894,3464,1430
10003006,2025FA,10759,2949,7810
10003007,2025FA,5042,5507,-465
10003008,2025FA,5855,3484,2371
10003008,2025SP,4833,1782,3051
10003009,2025FA,4690,3664,1026
10003010,2025FA,4655,2505,2150
10003011,2025FA,7923,4968,2955
10003012,2025FA,5390,2474,2916
10003013,2025FA,5228,2473,2755
10003013,2025SP,4121,5207,-1086
10003014,2025FA,4678,4175,503
10003015,2025FA,11266,1947,9319
10003016,2025FA,8584,3966,4618
10003016,2025SP,4693,4740,-47
10003017,2025FA,6158,1123,5035
10003018,2025FA,5045,1613,3432
10003018,2025SP,4929,2409,2520
10003019,2025FA,4892,3523,1369
10003020,2025FA,10578,4393,6185
10003021,2025FA,4352,4955,-603
10003022,2025FA,5420,4974,446
10003023,2025FA,8821,823,7998
10003024,2025FA,10624,904,9720
10003024,2025SP,4668,5828,-1160
10003025,2025FA,6696,3363,3333
10003026,2025FA,4774,4252,522
10003027,2025FA,5897,344,5553
10003028,2025FA,5702,2268,3434
10003029,2025FA,5721,5370,351
10003029,2025SP,6816,1844,4972
10003030,2025FA,4440,5472,-1032
10003031,2025FA,5998,3381,2617
10003031,2025SP,4504,3804,700
10003032,2025FA,9401,3316,6085
10003033,2025FA,8776,741,8035
10003034,2025FA,9481,4946,4535
10003035,2025FA,11295,5539,5756
10003035,2025SP,4349,3323,1026
10003036,2025FA,8618,4676,3942
10003037,2025FA,4768,366,4402
10003037,2025SP,3893,1729,2164
10003038,2025FA,4815,3191,1624
10003039,2025FA,4379,2558,1821
10003040,2025FA,8556,3878,4678
10003040,2025SP,3686,1931,1755
10003041,2025FA,4856,353,4503
10003042,2025FA,4728,1880,2848
10003042,2025SP,6151,397,5754
10003043,2025FA,6293,1421,4872
10003044,2025FA,4794,2330,2464
10003044,2025SP,4161,5002,-841
10003045,2025FA,9877,7234,2643
10003046,2025FA,5914,795,5119
10003047,2025FA,5233,4090,1143
10003048,2025FA,4831,3988,843
10003049,2025FA,9998,667,9331
10003049,2025SP,4873,3799,1074
10003050,2025FA,11816,2969,8847
10003050,2025SP,3628,1431,2197
10003051,2025FA,8612,4828,3784
10003051,2025SP,6811,5656,1155
10003052,2025FA,4871,5061,-190
10003053,2025FA,8138,2055,6083
10003053,2025SP,9369,5782,3587
10003054,2025FA,5882,4944,938
10003055,2025FA,4335,8194,-3859
10003056,2025FA,5013,1147,3866
10003056,2025SP,4927,3903,1024
10003057,2025FA,6555,2141,4414
10003058,2025FA,8634,3888,4746
10003059,2025FA,9869,1216,8653
10003059,2025SP,5168,1145,4023
10003060,2025FA,5245,2883,2362
10003060,2025SP,5114,6063,-949
10003061,2025FA,5025,4186,839
10003062,2025FA,4530,5513,-983
10003063,2025FA,5144,1856,3288
10003064,2025FA,6459,1953,4506
10003064,2025SP,3815,6981,-3166
10003065,2025FA,8605,3349,5256
10003066,2025FA,4417,2026,2391
10003066,2025SP,3728,3670,58
10003067,2025FA,4718,1078,3640
10003067,2025SP,9988,3253,6735
10003068,2025FA,4793,1813,2980
10003069,2025FA,4533,3956,577
10003069,2025SP,3415,283,3132
10003070,2025FA,9429,3424,6005
10003070,2025SP,4738,2930,1808
10003071,2025FA,4324,5656,-1332
10003072,2025FA,5990,3554,2436
10003073,2025FA,5825,3432,2393
10003073,2025SP,3858,3137,721
10003074,2025FA,5042,1884,3158
10003074,2025SP,8789,5126,3663
10003075,2025FA,10062,1742,8320
10003075,2025SP,4483,2036,2447
10003076,2025FA,9463,5871,3592
10003076,2025SP,3873,3649,224
10003077,2025FA,8691,3159,5532
10003077,2025SP,5104,3393,1711
10003078,2025FA,7966,3521,4445
10003078,2025SP,4927,2062,2865
10003079,2025FA,4762,6121,-1359
10003080,2025FA,6204,2949,3255
10003081,2025FA,4403,5824,-1421
10003082,2025FA,4815,4065,750
10003083,2025FA,5886,2757,3129
10003083,2025SP,4032,4322,-290
10003084,2025FA,4762,1761,3001
10003085,2025FA,4807,776,4031
10003085,2025SP,3644,4931,-1287
10003086,2025FA,4381,5457,-1076
10003086,2025SP,4552,4063,489
10003087,2025FA,7954,2636,5318
10003087,2025SP,3810,2402,1408
10003088,2025FA,8617,2720,5897
10003089,2025FA,9963,1521,8442
10003090,2025FA,4485,4685,-200
10003091,2025FA,5064,3392,1672
10003092,2025FA,9246,4505,4741
10003093,2025FA,5900,2999,2901
10003094,2025FA,9976,4093,5883
10003095,2025FA,7011,638,6373
10003095,2025SP,9447,3010,6437
10003096,2025FA,4659,3485,1174
10003096,2025SP,4841,5264,-423
10003097,2025FA,6282,2212,4070
10003097,2025SP,5112,5943,-831
10003098,2025FA,8136,5256,2880
10003099,2025FA,4883,1722,3161
10003100,2025FA,6214,4783,1431
10003100,2025SP,3782,1271,2511
10003101,2025FA,4867,273,4594
10003102,2025FA,5499,3591,1908
10003103,2025FA,5969,2678,3291
10003104,2025FA,8552,2818,5734
10003105,2025FA,8758,4782,3976
10003106,2025FA,4573,414,4159
10003106,2025SP,4949,5903,-954
10003107,2025FA,4895,2280,2615
10003108,2025FA,8757,2285,6472
10003109,2025FA,4343,5675,-1332
10003109,2025SP,4223,2992,1231
10003110,2025FA,4692,2838,1854
10003111,2025FA,5072,4068,1004
10003112,2025FA,4325,2056,2269
10003113,2025FA,4531,7863,-3332
10003114,2025FA,8558,4080,4478
10003115,2025FA,6156,3840,2316
10003116,2025FA,4321,4723,-402
10003117,2025FA,6228,2081,4147
10003118,2025FA,4702,1918,2784
10003119,2025FA,9444,1949,7495
10003120,2025FA,10555,4180,6375
10003121,2025FA,4843,2884,1959
10003122,2025FA,5255,2611,2644
10003123,2025FA,7978,3392,4586
10003123,2025SP,3743,1152,2591
10003124,2025FA,9428,283,9145
10003125,2025FA,6515,6263,252
10003126,2025FA,9372,200,9172
10003127,2025FA,8031,4639,3392
10003128,2025FA,4579,6373,-1794
10003128,2025SP,4311,7509,-3198
10003129,2025FA,4728,4994,-266
10003130,2025FA,8705,2146,6559
10003131,2025FA,6121,6044,77
10003132,2025FA,8810,3187,5623
10003133,2025FA,7914,1985,5929
10003133,2025SP,8177,4221,3956
10003134,2025FA,5901,3542,2359
10003135,2025FA,5927,2045,3882
10003136,2025FA,4889,4582,307
10003137,2025FA,11899,3075,8824
10003138,2025FA,6434,5175,1259
10003138,2025SP,3423,2164,1259
10003139,2025FA,5989,1856,4133
10003140,2025FA,6221,5075,1146
10003140,2025SP,6627,5229,1398
10003141,2025FA,7975,7831,144
10003141,2025SP,4567,5538,-971
10003142,2025FA,5115,336,4779
10003142,2025SP,4533,5674,-1141
10003143,2025FA,5096,2436,2660
10003143,2025SP,3956,1919,2037
10003144,2025FA,4476,3000,1476
10003145,2025FA,4733,4038,695
10003145,2025SP,3460,3660,-200
10003146,2025FA,5002,2773,2229
10003146,2025SP,3762,2986,776
10003147,2025FA,4392,5467,-1075
10003147,2025SP,3841,2720,1121
10003148,2025FA,9448,3424,6024
10003148,2025SP,4051,2083,1968
10003149,2025FA,4909,4184,725
10003150,2025FA,4808,6079,-1271
10003150,2025SP,3858,2712,1146
10003151,2025FA,5419,2292,3127
10003152,2025FA,5392,3472,1920
10003153,2025FA,8716,2809,5907
10003153,2025SP,3336,1131,2205
10003154,2025FA,5827,2579,3248
10003154,2025SP,3328,3211,117
10003155,2025FA,4386,2429,1957
10003155,2025SP,3678,4027,-349
10003156,2025FA,5961,4865,1096
10003157,2025FA,6156,2783,3373
10003157,2025SP,4873,1888,2985
10003158,2025FA,5502,2499,3003
10003159,2025FA,5000,5070,-70
10003160,2025FA,5213,1141,4072
10003160,2025SP,5093,1210,3883
10003161,2025FA,4374,2261,2113
10003161,2025SP,4677,2662,2015
10003162,2025FA,6267,6297,-30
10003162,2025SP,8553,4125,4428
10003163,2025FA,8601,2734,5867
10003163,2025SP,3681,7094,-3413
10003164,2025FA,9497,6377,3120
10003164,2025SP,5009,823,4186
10003165,2025FA,4762,4024,738
10003165,2025SP,3691,2064,1627
10003166,2025FA,9309,2691,6618
10003166,2025SP,3395,4627,-1232
10003167,2025FA,8657,3240,5417
10003167,2025SP,6016,4993,1023
10003168,2025FA,5836,1073,4763
10003168,2025SP,3972,1336,2636
10003169,2025FA,5167,5291,-124
10003169,2025SP,4337,4152,185
10003170,2025FA,4304,6269,-1965
10003171,2025FA,4889,5507,-618
10003171,2025SP,4772,978,3794
10003172,2025FA,4506,802,3704
10003173,2025FA,5729,2794,2935
10003174,2025FA,5944,2744,3200
10003174,2025SP,4342,5047,-705
10003175,2025FA,5185,4504,681
10003176,2025FA,9345,2075,7270
10003177,2025FA,9494,3284,6210
10003177,2025SP,8132,4932,3200
10003178,2025FA,10782,3921,6861
10003179,2025FA,9922,1443,8479
10003179,2025SP,4749,2851,1898
10003180,2025FA,11246,3418,7828
10003180,2025SP,3644,3617,27
10003181,2025FA,5229,3541,1688
10003182,2025FA,8168,2493,5675
10003182,2025SP,4347,5376,-1029
10003183,2025FA,4415,4526,-111
10003184,2025FA,5253,732,4521
10003185,2025FA,4902,3446,1456
10003186,2025FA,10056,3563,6493
10003186,2025SP,4389,3003,1386
10003187,2025FA,6326,4837,1489
10003187,2025SP,8809,1367,7442
10003188,2025FA,4823,4090,733
10003189,2025FA,4842,2942,1900
10003189,2025SP,3258,2215,1043
10003190,2025FA,5524,3485,2039
10003191,2025FA,11274,4520,6754
10003192,2025FA,4755,4576,179
10003193,2025FA,5599,3923,1676
10003194,2025FA,5012,4297,715
10003194,2025SP,4161,3735,426
10003195,2025FA,5520,4955,565
10003195,2025SP,3772,2207,1565
10003196,2025FA,5439,1617,3822
10003197,2025FA,6517,2089,4428
10003198,2025FA,9469,1645,7824
10003199,2025FA,5616,387,5229
10003200,2025FA,5370,3287,2083
10003201,2025FA,6586,2722,3864
10003202,2025FA,11238,3551,7687
10003203,2025FA,11292,3078,8214
10003203,2025SP,5228,2713,2515
10003204,2025FA,7918,1254,6664
10003205,2025FA,5067,5215,-148
10003205,2025SP,3609,2541,1068
10003206,2025FA,4800,3428,1372
10003206,2025SP,5039,879,4160
10003207,2025FA,4738,1020,3718
10003207,2025SP,4703,3822,881
10003208,2025FA,6074,6506,-432
10003208,2025SP,4219,2559,1660
10003209,2025FA,4732,3027,1705
10003210,2025FA,4363,3264,1099
10003210,2025SP,3426,1934,1492
10003211,2025FA,5068,645,4423
10003212,2025FA,5855,4079,1776
10003213,2025FA,5639,2928,2711
10003213,2025SP,3677,2290,1387
10003214,2025FA,8739,1464,7275
10003214,2025SP,8684,860,7824
10003215,2025FA,4824,5598,-774
10003215,2025SP,8550,7548,1002
10003216,2025FA,5297,3349,1948
10003217,2025FA,5968,2375,3593
10003217,2025SP,6624,2592,4032
10003218,2025FA,6589,5279,1310
10003218,2025SP,3378,4788,-1410
10003219,2025FA,4767,6330,-1563
10003220,2025FA,4713,487,4226
10003221,2025FA,4822,223,4599
10003222,2025FA,5285,6457,-1172
10003222,2025SP,3698,3510,188
10003223,2025FA,5028,3087,1941
10003224,2025FA,5905,4930,975
10003225,2025FA,4384,2347,2037
10003225,2025SP,7496,3345,4151
10003226,2025FA,5778,981,4797
10003226,2025SP,8807,4851,3956
10003227,2025FA,8636,3246,5390
10003227,2025SP,5259,7282,-2023
10003228,2025FA,5245,2848,2397
10003228,2025SP,4736,1502,3234
10003229,2025FA,4842,3383,1459
10003230,2025FA,5031,243,4788
10003231,2025FA,4943,2525,2418
10003232,2025FA,10701,3292,7409
10003233,2025FA,4574,3452,1122
10003234,2025FA,5840,3616,2224
10003234,2025SP,5257,3991,1266
10003235,2025FA,5633,3790,1843
10003236,2025FA,4701,7149,-2448
10003236,2025SP,3891,3184,707
10003237,2025FA,5809,3753,2056
10003238,2025FA,4739,1537,3202
10003239,2025FA,8151,398,7753
10003239,2025SP,3305,1390,1915
10003240,2025FA,10671,2376,8295
10003241,2025FA,5767,3077,2690
10003241,2025SP,3854,3236,618
10003242,2025FA,4698,2989,1709
10003243,2025FA,11435,3605,7830
10003243,2025SP,3640,3465,175
10003244,2025FA,4772,6769,-1997
10003245,2025FA,11352,3706,7646
10003246,2025FA,4456,3177,1279
10003247,2025FA,7975,395,7580
10003247,2025SP,3319,1316,2003
10003248,2025FA,4860,2198,2662
10003248,2025SP,7985,2211,5774
10003249,2025FA,5786,2958,2828
10003249,2025SP,4383,5922,-1539
10003250,2025FA,6320,1666,4654
10003251,2025FA,8795,1848,6947
10003252,2025FA,5405,930,4475
10003253,2025FA,7953,2475,5478
10003254,2025FA,4774,5265,-491
10003255,2025FA,4837,1432,3405
10003256,2025FA,5960,4243,1717
10003257,2025FA,4783,3857,926
10003258,2025FA,9886,2792,7094
10003258,2025SP,6156,3197,2959
10003259,2025FA,5846,4381,1465
10003260,2025FA,4851,4223,628
10003261,2025FA,5024,3057,1967
10003262,2025FA,4380,5733,-1353
10003263,2025FA,11291,509,10782
10003264,2025FA,9427,5490,3937
10003265,2025FA,5067,2018,3049
10003266,2025FA,4915,2129,2786
10003266,2025SP,4931,1985,2946
10003267,2025FA,7986,1831,6155
10003268,2025FA,4741,854,3887
10003269,2025FA,5117,2778,2339
10003269,2025SP,5058,2522,2536
10003270,2025FA,4658,6356,-1698
10003270,2025SP,3279,4187,-908
10003271,2025FA,5220,4763,457
10003272,2025FA,4361,3870,491
10003273,2025FA,5244,4898,346
10003273,2025SP,5051,1472,3579
10003274,2025FA,11301,2646,8655
10003274,2025SP,3358,4759,-1401
10003275,2025FA,5174,1185,3989
10003276,2025FA,8167,6419,1748
10003277,2025FA,4843,4120,723
10003277,2025SP,4662,4306,356
10003278,2025FA,6105,1030,5075
10003279,2025FA,11189,1768,9421
10003279,2025SP,3517,6272,-2755
10003280,2025FA,4545,4034,511
10003280,2025SP,4525,3587,938
10003281,2025FA,4570,2847,1723
10003281,2025SP,3683,458,3225
10003282,2025FA,9324,4680,4644
10003283,2025FA,5073,5271,-198
10003284,2025FA,10505,2234,8271
10003284,2025SP,8782,1210,7572
10003285,2025FA,11252,4046,7206
10003286,2025FA,8712,3005,5707
10003287,2025FA,5124,2309,2815
10003288,2025FA,8700,3094,5606
10003289,2025FA,5911,3203,2708
10003290,2025FA,4868,1740,3128
10003291,2025FA,8686,4094,4592
10003291,2025SP,3871,1728,2143
10003292,2025FA,8767,3159,5608
10003293,2025FA,4578,3357,1221
10003294,2025FA,6571,3574,2997
10003294,2025SP,3336,4002,-666
10003295,2025FA,6094,4263,1831
10003296,2025FA,9472,6876,2596
10003297,2025FA,9204,4528,4676
10003297,2025SP,7549,1791,5758
10003298,2025FA,8181,4183,3998
10003298,2025SP,9229,2090,7139
10003299,2025FA,4446,4655,-209
10003299,2025SP,3734,4889,-1155
10003300,2025FA,6209,7348,-1139
10003301,2025FA,4461,3724,737
10003302,2025FA,4886,1790,3096
10003303,2025FA,5570,3271,2299
10003303,2025SP,4111,4510,-399
10003304,2025FA,5003,3851,1152
10003305,2025FA,4714,3936,778
10003305,2025SP,3670,2337,1333
10003306,2025FA,11195,5102,6093
10003306,2025SP,7922,836,7086
10003307,2025FA,6508,2436,4072
10003308,2025FA,8008,2472,5536
10003308,2025SP,3501,2917,584
10003309,2025FA,5462,1882,3580
10003309,2025SP,8141,2283,5858
10003310,2025FA,10099,4157,5942
10003310,2025SP,3312,5291,-1979
10003311,2025FA,5083,6036,-953
10003312,2025FA,4592,1809,2783
10003312,2025SP,5004,4621,383
10003313,2025FA,5027,3807,1220
10003313,2025SP,5294,5118,176
10003314,2025FA,4911,3095,1816
10003314,2025SP,4399,1474,2925
10003315,2025FA,5487,2045,3442
10003315,2025SP,4222,3101,1121
10003316,2025FA,6638,4398,2240
10003317,2025FA,4936,2614,2322
10003317,2025SP,7318,6002,1316
10003318,2025FA,5174,4749,425
10003319,2025FA,5411,340,5071
10003320,2025FA,5618,1308,4310
10003321,2025FA,11211,1928,9283
10003321,2025SP,9230,4126,5104
10003322,2025FA,6622,4564,2058
10003322,2025SP,3257,7286,-4029
10003323,2025FA,5168,4266,902
10003323,2025SP,4393,1957,2436
10003324,2025FA,4661,3957,704
10003324,2025SP,3786,2193,1593
10003325,2025FA,5502,4423,1079
10003326,2025FA,4439,2324,2115
10003327,2025FA,4696,4335,361
10003327,2025SP,3875,6417,-2542
10003328,2025FA,6207,3352,2855
10003328,2025SP,5293,1505,3788
10003329,2025FA,5147,4459,688
10003329,2025SP,8835,3636,5199
10003330,2025FA,5637,4007,1630
10003331,2025FA,4526,2978,1548
10003331,2025SP,8582,4973,3609
10003332,2025FA,4815,1633,3182
10003333,2025FA,8113,5334,2779
10003334,2025FA,5067,2785,2282
10003335,2025FA,5846,5386,460
10003336,2025FA,4466,4126,340
10003337,2025FA,10635,2352,8283
10003338,2025FA,5242,3341,1901
10003339,2025FA,4768,2216,2552
10003340,2025FA,4677,788,3889
10003341,2025FA,4741,1215,3526
10003342,2025FA,4936,3740,1196
10003342,2025SP,3604,3658,-54
10003343,2025FA,4743,1170,3573
10003343,2025SP,6687,4097,2590
10003344,2025FA,4758,4791,-33
10003344,2025SP,5143,3770,1373
10003345,2025FA,4888,4378,510
10003345,2025SP,6734,4722,2012
10003346,2025FA,5483,5040,443
10003347,2025FA,5359,2337,3022
10003347,2025SP,3489,5473,-1984
10003348,2025FA,9422,3909,5513
10003349,2025FA,8743,6938,1805
10003350,2025FA,9212,1931,7281
10003351,2025FA,5200,4280,920
10003352,2025FA,4844,4313,531
10003353,2025FA,7929,4017,3912
10003354,2025FA,11333,1471,9862
10003354,2025SP,4801,5584,-783
10003355,2025FA,5445,7732,-2287
10003355,2025SP,6097,939,5158
10003356,2025FA,8086,646,7440
10003356,2025SP,3879,1748,2131
10003357,2025FA,4336,3816,520
10003358,2025FA,8731,1191,7540
10003359,2025FA,8697,5316,3381
10003359,2025SP,5009,4139,870
10003360,2025FA,5175,201,4974
10003361,2025FA,6082,2958,3124
10003361,2025SP,7919,707,7212
10003362,2025FA,4663,4310,353
10003363,2025FA,4830,1627,3203
10003364,2025FA,11448,2862,8586
10003364,2025SP,8827,1579,7248
10003365,2025FA,8115,3142,4973
10003366,2025FA,5753,2980,2773
10003367,2025FA,5502,3896,1606
10003368,2025FA,12075,2142,9933
10003369,2025FA,11270,2905,8365
10003369,2025SP,4074,960,3114
10003370,2025FA,4514,6204,-1690
10003371,2025FA,6220,2608,3612
10003371,2025SP,4943,635,4308
10003372,2025FA,10565,4986,5579
10003373,2025FA,11443,4009,7434
10003374,2025FA,4765,5084,-319
10003375,2025FA,4774,3953,821
10003376,2025FA,4748,2979,1769
10003376,2025SP,5205,3046,2159
10003377,2025FA,4917,1169,3748
10003378,2025FA,4406,3876,530
10003379,2025FA,8183,1534,6649
10003380,2025FA,5899,3079,2820
10003381,2025FA,4865,610,4255
10003381,2025SP,3736,2389,1347
10003382,2025FA,11420,1831,9589
10003383,2025FA,4660,3035,1625
10003383,2025SP,6079,743,5336
10003384,2025FA,12703,1436,11267
10003385,2025FA,4519,2881,1638
10003385,2025SP,4233,4588,-355
10003386,2025FA,5042,3189,1853
10003386,2025SP,4481,6344,-1863
10003387,2025FA,10027,6721,3306
10003387,2025SP,7955,4060,3895
10003388,2025FA,5398,3234,2164
10003389,2025FA,8562,6277,2285
10003389,2025SP,10001,4848,5153
10003390,2025FA,9420,7201,2219
10003391,2025FA,6345,2148,4197
10003392,2025FA,4745,3481,1264
10003393,2025FA,12081,4631,7450
10003394,2025FA,8122,3571,4551
10003395,2025FA,5134,5267,-133
10003395,2025SP,3805,3542,263
10003396,2025FA,6125,825,5300
10003397,2025FA,5219,3569,1650
10003398,2025FA,4882,3398,1484
10003399,2025FA,6414,6152,262
10003400,2025FA,10652,2349,8303
10003401,2025FA,5256,2668,2588
10003402,2025FA,8757,2419,6338
10003403,2025FA,5260,3237,2023
10003404,2025FA,5291,3377,1914
10003404,2025SP,3397,5713,-2316
10003405,2025FA,6650,6480,170
10003406,2025FA,5816,3586,2230
10003407,2025FA,4351,1896,2455
10003408,2025FA,8759,4050,4709
10003409,2025FA,6164,254,5910
10003409,2025SP,3809,1655,2154
10003410,2025FA,7955,1068,6887
10003410,2025SP,3998,3206,792
10003411,2025FA,10673,6167,4506
10003412,2025FA,4890,4723,167
10003413,2025FA,8600,6493,2107
10003413,2025SP,3259,3606,-347
10003414,2025FA,5479,1759,3720
10003415,2025FA,4575,5153,-578
10003415,2025SP,4874,3873,1001
10003416,2025FA,10544,1947,8597
10003417,2025FA,4458,3923,535
10003417,2025SP,4666,3975,691
10003418,2025FA,7910,3340,4570
10003418,2025SP,4505,1955,2550
10003419,2025FA,5194,2152,3042
10003420,2025FA,9484,4815,4669
10003421,2025FA,4914,2451,2463
10003421,2025SP,8671,3076,5595
10003422,2025FA,8680,2274,6406
10003423,2025FA,4691,4284,407
10003424,2025FA,9438,2755,6683
10003424,2025SP,3844,3084,760
10003425,2025FA,6750,2622,4128
10003425,2025SP,4366,3062,1304
10003426,2025FA,9282,3788,5494
10003427,2025FA,9443,2883,6560
10003428,2025FA,6071,6443,-372
10003429,2025FA,8114,3326,4788
10003430,2025FA,7992,4197,3795
10003430,2025SP,3846,5148,-1302
10003431,2025FA,4670,2166,2504
10003432,2025FA,4593,2935,1658
10003432,2025SP,3862,3933,-71
10003433,2025FA,8113,3043,5070
10003433,2025SP,3787,3019,768
10003434,2025FA,5789,4466,1323
10003434,2025SP,3853,2557,1296
10003435,2025FA,4801,2868,1933
10003436,2025FA,8750,4403,4347
10003437,2025FA,4941,4016,925
10003438,2025FA,5483,4319,1164
10003439,2025FA,4802,3903,899
10003440,2025FA,5282,3635,1647
10003440,2025SP,4378,1872,2506
10003441,2025FA,4876,1442,3434
10003442,2025FA,4406,3861,545
10003443,2025FA,5195,232,4963
10003444,2025FA,4379,3366,1013
10003445,2025FA,4694,2666,2028
10003446,2025FA,8713,1429,7284
10003446,2025SP,6721,1611,5110
10003447,2025FA,6406,3105,3301
10003448,2025FA,5909,6798,-889
10003449,2025FA,4686,2275,2411
10003449,2025SP,7957,3385,4572
10003450,2025FA,6106,3968,2138
10003451,2025FA,10611,1270,9341
10003452,2025FA,8072,3063,5009
10003452,2025SP,6069,6688,-619
10003453,2025FA,4709,4490,219
10003454,2025FA,6777,1067,5710
10003454,2025SP,3414,369,3045
10003455,2025FA,4450,5233,-783
10003455,2025SP,4027,3656,371
10003456,2025FA,9409,4561,4848
10003457,2025FA,5140,5705,-565
10003458,2025FA,4750,2329,2421
10003459,2025FA,4825,4915,-90
10003460,2025FA,6544,1401,5143
10003460,2025SP,5372,4844,528
10003461,2025FA,6113,2127,3986
10003461,2025SP,4358,3953,405
10003462,2025FA,10543,3791,6752
10003462,2025SP,3284,4639,-1355
10003463,2025FA,5173,2197,2976
10003464,2025FA,4767,2788,1979
10003465,2025FA,5900,3818,2082
10003465,2025SP,3481,5479,-1998
10003466,2025FA,4934,3533,1401
10003467,2025FA,8726,3118,5608
10003468,2025FA,5217,1790,3427
10003469,2025FA,10085,2529,7556
10003470,2025FA,4589,2724,1865
10003470,2025SP,4204,2750,1454
10003471,2025FA,9991,1292,8699
10003471,2025SP,6883,4708,2175
10003472,2025FA,6129,1467,4662
10003473,2025FA,4756,2448,2308
10003474,2025FA,5055,4781,274
10003474,2025SP,4885,3576,1309
10003475,2025FA,5889,5511,378
10003476,2025FA,8781,4597,4184
10003476,2025SP,6882,3877,3005
10003477,2025FA,11209,1857,9352
10003477,2025SP,5180,5151,29
10003478,2025FA,4798,336,4462
10003478,2025SP,7966,737,7229
10003479,2025FA,9918,4167,5751
10003479,2025SP,4814,3238,1576
10003480,2025FA,5813,5883,-70
10003481,2025FA,9262,3775,5487
10003481,2025SP,3639,3213,426
10003482,2025FA,4857,2844,2013
10003483,2025FA,5115,534,4581
10003484,2025FA,8608,4516,4092
10003485,2025FA,4467,2735,1732
10003486,2025FA,5908,3065,2843
10003487,2025FA,6336,6740,-404
10003488,2025FA,5825,1720,4105
10003489,2025FA,4513,3494,1019
10003490,2025FA,10532,3510,7022
10003491,2025FA,8666,4165,4501
10003492,2025FA,4445,850,3595
10003492,2025SP,3364,4692,-1328
10003493,2025FA,6584,1242,5342
10003493,2025SP,4868,2245,2623
10003494,2025FA,9382,1096,8286
10003494,2025SP,5385,2694,2691
10003495,2025FA,5932,4259,1673
10003496,2025FA,4950,4444,506
10003497,2025FA,11836,4189,7647
10003498,2025FA,4565,2471,2094
10003498,2025SP,4139,4450,-311
10003499,2025FA,4412,6279,-1867
10003500,2025FA,6580,1574,5006
10003501,2025FA,4716,4223,493
10003501,2025SP,3292,2607,685
10003502,2025FA,9904,1951,7953
10003503,2025FA,9472,4867,4605
10003504,2025FA,8804,3400,5404
10003505,2025FA,4575,4848,-273
10003505,2025SP,4020,3013,1007
10003506,2025FA,6475,559,5916
10003506,2025SP,6062,403,5659
10003507,2025FA,6058,3149,2909
10003507,2025SP,5204,2411,2793
10003508,2025FA,6090,782,5308
10003508,2025SP,3759,1728,2031
10003509,2025FA,4918,4139,779
10003510,2025FA,4888,3459,1429
10003511,2025FA,4901,7114,-2213
10003511,2025SP,6154,5059,1095
10003512,2025FA,5836,3987,1849
10003512,2025SP,3315,3283,32
10003513,2025FA,4743,1660,3083
10003513,2025SP,6689,3440,3249
10003514,2025FA,6164,3413,2751
10003514,2025SP,4116,3933,183
10003515,2025FA,5785,3624,2161
10003516,2025FA,8635,4312,4323
10003517,2025FA,8143,1196,6947
10003517,2025SP,3711,6140,-2429
10003518,2025FA,4444,1760,2684
10003519,2025FA,5644,4118,1526
10003520,2025FA,9907,1831,8076
10003521,2025FA,5418,5592,-174
10003522,2025FA,5248,1930,3318
10003522,2025SP,5020,3332,1688
10003523,2025FA,5275,6702,-1427
10003523,2025SP,6719,2599,4120
10003524,2025FA,6192,2341,3851
10003524,2025SP,9399,2830,6569
10003525,2025FA,5853,1850,4003
10003525,2025SP,5235,4058,1177
10003526,2025FA,5770,1910,3860
10003527,2025FA,4564,4932,-368
10003528,2025FA,4892,4362,530
10003529,2025FA,6202,3617,2585
10003529,2025SP,5255,2408,2847
10003530,2025FA,11445,3250,8195
10003531,2025FA,7981,2864,5117
10003532,2025FA,4750,5508,-758
10003533,2025FA,5006,3270,1736
10003533,2025SP,3363,4213,-850
10003534,2025FA,8804,4085,4719
10003535,2025FA,4365,3467,898
10003536,2025FA,10117,3356,6761
10003537,2025FA,11319,5096,6223
10003538,2025FA,5934,5087,847
10003539,2025FA,6460,2038,4422
10003540,2025FA,7315,2388,4927
10003540,2025SP,4688,3780,908
10003541,2025FA,4704,935,3769
10003542,2025FA,6114,939,5175
10003543,2025FA,5170,2474,2696
10003543,2025SP,3605,3699,-94
10003544,2025FA,4669,5398,-729
10003545,2025FA,6264,1479,4785
10003546,2025FA,5461,755,4706
10003546,2025SP,3730,274,3456
10003547,2025FA,4814,3724,1090
10003547,2025SP,5078,4692,386
10003548,2025FA,5635,1282,4353
10003549,2025FA,4892,2490,2402
10003549,2025SP,9231,3178,6053
10003550,2025FA,8826,3807,5019
10003550,2025SP,8554,1432,7122
10003551,2025FA,8718,1198,7520
10003552,2025FA,11158,271,10887
10003552,2025SP,4539,1546,2993
10003553,2025FA,4308,2686,1622
10003554,2025FA,5789,3782,2007
10003554,2025SP,4527,1709,2818
10003555,2025FA,4718,1565,3153
10003555,2025SP,4906,6383,-1477
10003556,2025FA,4936,3056,1880
10003557,2025FA,4498,2817,1681
10003558,2025FA,10569,4552,6017
10003559,2025FA,4766,2175,2591
10003559,2025SP,6614,5124,1490
10003560,2025FA,4407,3861,546
10003561,2025FA,4881,3698,1183
10003561,2025SP,6894,6073,821
10003562,2025FA,5864,3857,2007
10003562,2025SP,3990,4410,-420
10003563,2025FA,4700,6614,-1914
10003564,2025FA,4570,6203,-1633
10003564,2025SP,4781,6980,-2199
10003565,2025FA,5359,4041,1318
10003565,2025SP,8609,2677,5932
10003566,2025FA,7942,3257,4685
10003567,2025FA,4484,6276,-1792
10003567,2025SP,4095,6979,-2884
10003568,2025FA,8039,783,7256
10003568,2025SP,3709,1991,1718
10003569,2025FA,4376,5349,-973
10003569,2025SP,4820,957,3863
10003570,2025FA,4530,1032,3498
10003570,2025SP,8741,3423,5318
10003571,2025FA,11440,3150,8290
10003571,2025SP,5259,5705,-446
10003572,2025FA,8596,3779,4817
10003573,2025FA,11390,3735,7655
10003573,2025SP,5129,7146,-2017
10003574,2025FA,10754,3109,7645
10003575,2025FA,5168,4482,686
10003575,2025SP,8654,6163,2491
10003576,2025FA,6271,206,6065
10003577,2025FA,12085,5468,6617
10003578,2025FA,5498,5772,-274
10003578,2025SP,3722,3355,367
10003579,2025FA,4410,2463,1947
10003580,2025FA,5857,2947,2910
10003581,2025FA,4481,3498,983
10003582,2025FA,8161,1739,6422
10003582,2025SP,3814,1748,2066
10003583,2025FA,4325,2566,1759
10003584,2025FA,5040,445,4595
10003584,2025SP,5075,1221,3854
10003585,2025FA,5564,2799,2765
10003586,2025FA,4768,1153,3615
10003587,2025FA,4918,2320,2598
10003587,2025SP,5038,6805,-1767
10003588,2025FA,10024,5350,4674
10003589,2025FA,4817,959,3858
10003590,2025FA,4869,263,4606
10003591,2025FA,5229,2277,2952
10003591,2025SP,5279,1964,3315
10003592,2025FA,4739,5773,-1034
10003593,2025FA,4539,3025,1514
10003593,2025SP,3469,1898,1571
10003594,2025FA,9260,2156,7104
10003595,2025FA,4682,4364,318
10003595,2025SP,8644,3705,4939
10003596,2025FA,4346,3059,1287
10003596,2025SP,4490,2995,1495
10003597,2025FA,5060,5104,-44
10003597,2025SP,3753,630,3123
10003598,2025FA,9315,4161,5154
10003598,2025SP,3693,4007,-314
10003599,2025FA,6249,3529,2720
10003600,2025FA,11176,3459,7717
10003601,2025FA,5194,5019,175
10003601,2025SP,4864,258,4606
10003602,2025FA,8007,5058,2949
10003602,2025SP,8792,5891,2901
10003603,2025FA,6683,2667,4016
10003603,2025SP,4816,1455,3361
10003604,2025FA,6175,3112,3063
10003604,2025SP,4529,2617,1912
10003605,2025FA,8800,6807,1993
10003605,2025SP,4492,3084,1408
10003606,2025FA,8688,3684,5004
10003607,2025FA,4499,1596,2903
10003607,2025SP,4478,3522,956
10003608,2025FA,4889,2574,2315
10003609,2025FA,4355,1600,2755
10003610,2025FA,9382,3969,5413
10003611,2025FA,6450,2217,4233
10003612,2025FA,5927,5845,82
10003613,2025FA,8640,2032,6608
10003614,2025FA,6134,1684,4450
10003614,2025SP,9918,5231,4687
10003615,2025FA,8165,452,7713
10003615,2025SP,4246,5019,-773
10003616,2025FA,4908,1850,3058
10003616,2025SP,3895,7101,-3206
10003617,2025FA,6696,1502,5194
10003618,2025FA,4505,6312,-1807
10003619,2025FA,4898,6235,-1337
10003620,2025FA,4479,2986,1493
10003620,2025SP,6807,1572,5235
10003621,2025FA,5755,2901,2854
10003622,2025FA,5873,1347,4526
10003622,2025SP,5221,2071,3150
10003623,2025FA,8648,4046,4602
10003624,2025FA,5989,3776,2213
10003625,2025FA,5914,2126,3788
10003625,2025SP,6642,1310,5332
10003626,2025FA,9946,1710,8236
10003626,2025SP,4901,2699,2202
10003627,2025FA,5980,2808,3172
10003627,2025SP,10042,4016,6026
10003628,2025FA,5987,5208,779
10003628,2025SP,6773,4085,2688
10003629,2025FA,6233,2614,3619
10003629,2025SP,5122,4218,904
10003630,2025FA,4704,3161,1543
10003631,2025FA,5406,6156,-750
10003632,2025FA,9879,4510,5369
10003632,2025SP,3394,2634,760
10003633,2025FA,9250,2165,7085
10003633,2025SP,3308,6507,-3199
10003634,2025FA,5015,4212,803
10003634,2025SP,8793,4435,4358
10003635,2025FA,5112,2111,3001
10003635,2025SP,4721,4249,472
10003636,2025FA,5251,3579,1672
10003637,2025FA,11899,734,11165
10003637,2025SP,3826,5340,-1514
10003638,2025FA,5172,3205,1967
10003638,2025SP,4158,1676,2482
10003639,2025FA,6160,5525,635
10003639,2025SP,4912,3499,1413
10003640,2025FA,9482,2326,7156
10003640,2025SP,3356,3925,-569
10003641,2025FA,5041,2286,2755
10003641,2025SP,4710,1373,3337
10003642,2025FA,5043,5813,-770
10003643,2025FA,8724,4129,4595
10003643,2025SP,4829,3871,958
10003644,2025FA,8021,4027,3994
10003645,2025FA,4725,6233,-1508
10003646,2025FA,10678,2150,8528
10003647,2025FA,5291,4558,733
10003648,2025FA,4664,3443,1221
10003649,2025FA,5885,228,5657
10003649,2025SP,6250,1232,5018
10003650,2025FA,8071,2432,5639
10003651,2025FA,7909,5852,2057
10003651,2025SP,4133,3235,898
10003652,2025FA,9494,2092,7402
10003652,2025SP,3289,2192,1097
10003653,2025FA,4664,2581,2083
10003653,2025SP,3881,2711,1170
10003654,2025FA,4843,2620,2223
10003655,2025FA,4821,3514,1307
10003656,2025FA,10098,2372,7726
10003657,2025FA,10648,3945,6703
10003658,2025FA,9218,1474,7744
10003659,2025FA,4831,4789,42
10003660,2025FA,4854,2880,1974
10003661,2025FA,11434,3004,8430
10003662,2025FA,4720,4961,-241
10003662,2025SP,3979,5707,-1728
10003663,2025FA,4398,2160,2238
10003664,2025FA,4790,4167,623
10003665,2025FA,5173,6061,-888
10003666,2025FA,6421,1175,5246
10003667,2025FA,5710,4745,965
10003668,2025FA,5818,3864,1954
10003669,2025FA,8673,1690,6983
10003670,2025FA,8772,3005,5767
10003671,2025FA,4891,312,4579
10003671,2025SP,3834,4919,-1085
10003672,2025FA,4711,1961,2750
10003673,2025FA,4859,2894,1965
10003673,2025SP,4751,5759,-1008
10003674,2025FA,5762,2566,3196
10003675,2025FA,8012,5285,2727
10003675,2025SP,4594,5340,-746
10003676,2025FA,4837,3257,1580
10003677,2025FA,10566,2191,8375
10003677,2025SP,4532,1607,2925
10003678,2025FA,5088,4546,542
10003679,2025FA,8810,3126,5684
10003680,2025FA,8661,3829,4832
10003680,2025SP,3816,9125,-5309
10003681,2025FA,9349,2553,6796
10003682,2025FA,5750,4220,1530
10003682,2025SP,3469,2561,908
10003683,2025FA,12097,1459,10638
10003684,2025FA,6297,5252,1045
10003684,2025SP,5262,2660,2602
10003685,2025FA,4478,6357,-1879
10003686,2025FA,9443,1928,7515
10003686,2025SP,3853,3252,601
10003687,2025FA,4581,1828,2753
10003688,2025FA,5139,3197,1942
10003688,2025SP,3341,3173,168
10003689,2025FA,11178,5635,5543
10003690,2025FA,5066,2578,2488
10003690,2025SP,8089,2282,5807
10003691,2025FA,4656,1362,3294
10003691,2025SP,5244,1918,3326
10003692,2025FA,4312,1739,2573
10003693,2025FA,8089,3591,4498
10003694,2025FA,8073,3413,4660
10003694,2025SP,5165,3297,1868
10003695,2025FA,4561,1604,2957
10003695,2025SP,6068,3077,2991
10003696,2025FA,4845,6202,-1357
10003697,2025FA,6446,2932,3514
10003698,2025FA,4325,1604,2721
10003699,2025FA,5452,3457,1995
10003699,2025SP,3719,3559,160
10003700,2025FA,4571,2766,1805
10003701,2025FA,8715,4625,4090
10003702,2025FA,4886,3956,930
10003702,2025SP,4178,1296,2882
10003703,2025FA,4380,2621,1759
10003704,2025FA,5874,4190,1684
10003705,2025FA,6157,1450,4707
10003705,2025SP,9334,5324,4010
10003706,2025FA,8097,5472,2625
10003706,2025SP,6719,3592,3127
10003707,2025FA,4332,3816,516
10003708,2025FA,4762,846,3916
10003708,2025SP,6607,2476,4131
10003709,2025FA,8845,1942,6903
10003710,2025FA,4651,2052,2599
10003710,2025SP,3279,2121,1158
10003711,2025FA,4372,3821,551
10003712,2025FA,9209,5984,3225
10003712,2025SP,6678,5908,770
10003713,2025FA,4787,4072,715
10003713,2025SP,8596,4532,4064
10003714,2025FA,4664,3017,1647
10003715,2025FA,10563,1395,9168
10003715,2025SP,4772,1140,3632
10003716,2025FA,5108,1749,3359
10003717,2025FA,4592,3120,1472
10003718,2025FA,4467,2534,1933
10003719,2025FA,5754,5842,-88
10003720,2025FA,8553,3106,5447
10003720,2025SP,3504,1013,2491
10003721,2025FA,5842,798,5044
10003722,2025FA,4410,2440,1970
10003723,2025FA,5014,755,4259
10003723,2025SP,5428,4355,1073
10003724,2025FA,9308,2170,7138
10003724,2025SP,3717,3997,-280
10003725,2025FA,5351,5070,281
10003726,2025FA,5528,2862,2666
10003726,2025SP,6761,2544,4217
10003727,2025FA,8030,2693,5337
10003728,2025FA,5623,2493,3130
10003729,2025FA,5094,5184,-90
10003729,2025SP,8096,7444,652
10003730,2025FA,5027,3360,1667
10003731,2025FA,4836,2816,2020
10003731,2025SP,3271,6802,-3531
10003732,2025FA,4429,7341,-2912
10003732,2025SP,5211,4715,496
10003733,2025FA,4531,5512,-981
10003734,2025FA,4746,3797,949
10003735,2025FA,4390,4462,-72
10003735,2025SP,4427,3776,651
10003736,2025FA,4762,6398,-1636
10003736,2025SP,6814,5499,1315
10003737,2025FA,11978,6116,5862
10003737,2025SP,5111,1012,4099
10003738,2025FA,10536,2925,7611
10003738,2025SP,4714,3699,1015
10003739,2025FA,4910,2741,2169
10003740,2025FA,10087,2126,7961
10003741,2025FA,4323,2065,2258
10003742,2025FA,8065,5054,3011
10003742,2025SP,4915,2143,2772
10003743,2025FA,4519,4430,89
10003743,2025SP,3959,3809,150
10003744,2025FA,6151,2777,3374
10003744,2025SP,9472,1680,7792
10003745,2025FA,6056,3859,2197
10003745,2025SP,4749,4551,198
10003746,2025FA,9972,240,9732
10003746,2025SP,3628,562,3066
10003747,2025FA,6214,1175,5039
10003747,2025SP,4778,1200,3578
10003748,2025FA,4942,6465,-1523
10003749,2025FA,4944,3715,1229
10003750,2025FA,5013,3705,1308
10003751,2025FA,4689,1497,3192
10003751,2025SP,6729,2828,3901
10003752,2025FA,11865,2035,9830
10003753,2025FA,4667,3428,1239
10003753,2025SP,6016,2228,3788
10003754,2025FA,5202,3707,1495
10003754,2025SP,4932,4488,444
10003755,2025FA,5292,6538,-1246
10003755,2025SP,3252,4339,-1087
10003756,2025FA,5006,5664,-658
10003756,2025SP,4177,1741,2436
10003757,2025FA,4817,916,3901
10003758,2025FA,8718,765,7953
10003759,2025FA,4380,5202,-822
10003760,2025FA,8047,261,7786
10003761,2025FA,5113,472,4641
10003761,2025SP,3723,2860,863
10003762,2025FA,7942,3876,4066
10003762,2025SP,4668,4935,-267
10003763,2025FA,4808,3868,940
10003763,2025SP,4887,6061,-1174
10003764,2025FA,9236,3782,5454
10003764,2025SP,4945,2968,1977
10003765,2025FA,4822,4400,422
10003765,2025SP,5590,3400,2190
10003766,2025FA,5206,5525,-319
10003767,2025FA,5266,3098,2168
10003767,2025SP,8619,3906,4713
10003768,2025FA,4856,3199,1657
10003768,2025SP,3327,4035,-708
10003769,2025FA,5605,3245,2360
10003769,2025SP,4069,887,3182
10003770,2025FA,8564,3241,5323
10003770,2025SP,6150,2674,3476
10003771,2025FA,8145,243,7902
10003771,2025SP,3759,3345,414
10003772,2025FA,9870,6145,3725
10003773,2025FA,5126,7116,-1990
10003774,2025FA,9394,4310,5084
10003775,2025FA,9302,3976,5326
10003776,2025FA,4781,3081,1700
10003776,2025SP,3817,1333,2484
10003777,2025FA,5962,4396,1566
10003778,2025FA,8101,2601,5500
10003779,2025FA,6110,3299,2811
10003779,2025SP,5126,4871,255
10003780,2025FA,4513,4174,339
10003781,2025FA,7928,1576,6352
10003782,2025FA,4699,4091,608
10003783,2025FA,5435,855,4580
10003783,2025SP,4694,557,4137
10003784,2025FA,9230,3189,6041
10003785,2025FA,4939,4096,843
10003785,2025SP,4682,2409,2273
10003786,2025FA,10786,2651,8135
10003786,2025SP,4898,2391,2507
10003787,2025FA,4795,6064,-1269
10003787,2025SP,6172,1866,4306
10003788,2025FA,4917,5637,-720
10003789,2025FA,4937,2828,2109
10003790,2025FA,6174,1340,4834
10003791,2025FA,6051,6109,-58
10003792,2025FA,10523,3586,6937
10003793,2025FA,5167,1984,3183
10003794,2025FA,4950,4105,845
10003795,2025FA,5407,1488,3919
10003796,2025FA,8709,3647,5062
10003797,2025FA,4432,660,3772
10003797,2025SP,3352,3233,119
10003798,2025FA,9226,2475,6751
10003799,2025FA,8622,772,7850
10003800,2025FA,4507,4223,284
10003801,2025FA,5177,2368,2809
10003802,2025FA,10646,4807,5839
10003802,2025SP,4835,7014,-2179
10003803,2025FA,8550,3959,4591
10003803,2025SP,5195,5888,-693
10003804,2025FA,5033,2404,2629
10003805,2025FA,9265,3639,5626
10003805,2025SP,8669,2709,5960
10003806,2025FA,4551,4554,-3
10003807,2025FA,4862,2782,2080
10003808,2025FA,4428,4867,-439
10003809,2025FA,10029,2706,7323
10003810,2025FA,9335,3342,5993
10003810,2025SP,5392,1730,3662
10003811,2025FA,9883,1254,8629
10003811,2025SP,8714,3973,4741
10003812,2025FA,9451,3390,6061
10003812,2025SP,3793,2127,1666
10003813,2025FA,9375,3528,5847
10003813,2025SP,4392,4941,-549
10003814,2025FA,4664,5270,-606
10003815,2025FA,4785,530,4255
10003816,2025FA,4722,3403,1319
10003817,2025FA,4728,8007,-3279
10003818,2025FA,4864,1238,3626
10003819,2025FA,6270,4044,2226
10003819,2025SP,8711,3183,5528
10003820,2025FA,5649,331,5318
10003820,2025SP,5181,7600,-2419
10003821,2025FA,5208,2516,2692
10003822,2025FA,5020,2734,2286
10003823,2025FA,4762,4117,645
10003823,2025SP,4407,2669,1738
10003824,2025FA,4872,2318,2554
10003824,2025SP,6786,1812,4974
10003825,2025FA,4830,228,4602
10003826,2025FA,5704,4815,889
10003827,2025FA,10759,3431,7328
10003828,2025FA,5779,6442,-663
10003829,2025FA,9305,1977,7328
10003829,2025SP,3315,1808,1507
10003830,2025FA,11964,1879,10085
10003831,2025FA,4705,3759,946
10003832,2025FA,4706,4095,611
10003833,2025FA,4411,4917,-506
10003834,2025FA,10717,2195,8522
10003835,2025FA,5801,2434,3367
10003835,2025SP,3838,4884,-1046
10003836,2025FA,10634,2541,8093
10003837,2025FA,4595,3589,1006
10003837,2025SP,4677,1383,3294
10003838,2025FA,9248,3972,5276
10003838,2025SP,4935,5086,-151
10003839,2025FA,4726,2060,2666
10003839,2025SP,6220,7786,-1566
10003840,2025FA,10016,6474,3542
10003840,2025SP,4063,1733,2330
10003841,2025FA,5121,2801,2320
10003841,2025SP,3857,3547,310
10003842,2025FA,9450,3092,6358
10003842,2025SP,3809,4220,-411
10003843,2025FA,5807,8003,-2196
10003844,2025FA,8833,624,8209
10003844,2025SP,4233,4621,-388
10003845,2025FA,4495,767,3728
10003846,2025FA,6477,4799,1678
10003846,2025SP,4475,2972,1503
10003847,2025FA,5887,5965,-78
10003848,2025FA,4691,3450,1241
10003849,2025FA,5038,7175,-2137
10003850,2025FA,4573,3981,592
10003851,2025FA,9906,4999,4907
10003852,2025FA,5845,1707,4138
10003853,2025FA,4766,5817,-1051
10003853,2025SP,5092,4273,819
10003854,2025FA,4806,2471,2335
10003854,2025SP,4883,6007,-1124
10003855,2025FA,4808,3496,1312
10003855,2025SP,5179,1272,3907
10003856,2025FA,5566,5566,0
10003857,2025FA,4316,4407,-91
10003858,2025FA,4698,7056,-2358
10003858,2025SP,4715,1787,2928
10003859,2025FA,8672,4914,3758
10003859,2025SP,4784,4579,205
10003860,2025FA,4313,4136,177
10003861,2025FA,6559,4780,1779
10003861,2025SP,8150,4132,4018
10003862,2025FA,5701,3291,2410
10003863,2025FA,5247,4778,469
10003863,2025SP,6039,4786,1253
10003864,2025FA,5379,3220,2159
10003865,2025FA,4856,5043,-187
10003866,2025FA,9432,2965,6467
10003867,2025FA,6216,6682,-466
10003867,2025SP,5144,250,4894
10003868,2025FA,5207,1002,4205
10003869,2025FA,5470,5228,242
10003870,2025FA,4863,3981,882
10003871,2025FA,5830,1675,4155
10003872,2025FA,4816,1548,3268
10003872,2025SP,4765,1381,3384
10003873,2025FA,6115,4205,1910
10003873,2025SP,3867,3291,576
10003874,2025FA,4668,6094,-1426
10003875,2025FA,4777,2873,1904
10003876,2025FA,5863,4207,1656
10003877,2025FA,8559,6552,2007
10003877,2025SP,4215,2436,1779
10003878,2025FA,12485,587,11898
10003879,2025FA,4415,935,3480
10003880,2025FA,6784,1834,4950
10003880,2025SP,4175,4326,-151
10003881,2025FA,8571,1499,7072
10003881,2025SP,5019,4585,434
10003882,2025FA,8649,3890,4759
10003883,2025FA,4470,5019,-549
10003884,2025FA,4746,919,3827
10003885,2025FA,4561,3774,787
10003886,2025FA,5231,3918,1313
10003887,2025FA,5530,1487,4043
10003888,2025FA,8567,3128,5439
10003889,2025FA,9348,3518,5830
10003889,2025SP,3722,3801,-79
10003890,2025FA,5730,950,4780
10003891,2025FA,4362,2877,1485
10003891,2025SP,7489,5322,2167
10003892,2025FA,4377,4394,-17
10003893,2025FA,8100,3702,4398
10003894,2025FA,6087,591,5496
10003894,2025SP,3889,5478,-1589
10003895,2025FA,4883,1676,3207
10003896,2025FA,6053,6718,-665
10003896,2025SP,6862,3862,3000
10003897,2025FA,4741,3362,1379
10003898,2025FA,8804,3414,5390
10003899,2025FA,5081,2966,2115
10003900,2025FA,4930,1950,2980
10003901,2025FA,5504,4367,1137
10003902,2025FA,8664,1247,7417
10003903,2025FA,4757,3394,1363
10003904,2025FA,9238,1363,7875
10003904,2025SP,3511,1558,1953
10003905,2025FA,11257,5342,5915
10003906,2025FA,10608,4427,6181
10003907,2025FA,5255,4264,991
10003907,2025SP,4525,7227,-2702
10003908,2025FA,6662,3254,3408
10003909,2025FA,5911,4349,1562
10003909,2025SP,4743,1713,3030
10003910,2025FA,6949,2661,4288
10003911,2025FA,5834,2167,3667
10003912,2025FA,4391,5942,-1551
10003913,2025FA,4916,3060,1856
10003913,2025SP,8022,4321,3701
10003914,2025FA,6325,1702,4623
10003915,2025FA,4546,6482,-1936
10003915,2025SP,4675,7188,-2513
10003916,2025FA,5828,1840,3988
10003917,2025FA,4943,4404,539
10003918,2025FA,6108,3884,2224
10003919,2025FA,10664,3548,7116
10003919,2025SP,4943,3190,1753
10003920,2025FA,4710,3982,728
10003920,2025SP,3754,2264,1490
10003921,2025FA,7926,2713,5213
10003921,2025SP,3465,3361,104
10003922,2025FA,5902,1324,4578
10003923,2025FA,5479,3792,1687
10003924,2025FA,4801,3269,1532
10003925,2025FA,8081,2527,5554
10003925,2025SP,8689,3589,5100
10003926,2025FA,5135,3498,1637
10003927,2025FA,5987,2893,3094
10003928,2025FA,5280,2494,2786
10003928,2025SP,6690,4424,2266
10003929,2025FA,5406,2718,2688
10003930,2025FA,5168,3752,1416
10003930,2025SP,5959,2550,3409
10003931,2025FA,5115,4830,285
10003932,2025FA,6222,2967,3255
10003933,2025FA,9995,2874,7121
10003934,2025FA,9244,3153,6091
10003935,2025FA,5504,8070,-2566
10003936,2025FA,4810,782,4028
10003936,2025SP,4516,2890,1626
10003937,2025FA,5452,3733,1719
10003938,2025FA,4327,6884,-2557
10003939,2025FA,8177,3315,4862
10003940,2025FA,5533,4715,818
10003940,2025SP,3602,6148,-2546
10003941,2025FA,8657,7207,1450
10003941,2025SP,4519,1379,3140
10003942,2025FA,4741,1732,3009
10003943,2025FA,5615,6030,-415
10003944,2025FA,5778,2787,2991
10003945,2025FA,4876,6497,-1621
10003946,2025FA,4868,2174,2694
10003946,2025SP,5052,2935,2117
10003947,2025FA,4796,4379,417
10003947,2025SP,4579,4397,182
10003948,2025FA,6776,1749,5027
10003948,2025SP,4223,2131,2092
10003949,2025FA,4310,1718,2592
10003950,2025FA,4780,2738,2042
10003951,2025FA,4719,3402,1317
10003952,2025FA,4314,1144,3170
10003953,2025FA,7988,6419,1569
10003954,2025FA,6599,6102,497
10003954,2025SP,8704,500,8204
10003955,2025FA,4567,5317,-750
10003955,2025SP,9440,3169,6271
10003956,2025FA,8767,1946,6821
10003956,2025SP,3956,2281,1675
10003957,2025FA,10634,1380,9254
10003958,2025FA,4936,2445,2491
10003958,2025SP,3418,6688,-3270
10003959,2025FA,10768,2494,8274
10003960,2025FA,4677,3655,1022
10003960,2025SP,3358,1112,2246
10003961,2025FA,6105,1679,4426
10003961,2025SP,6861,5992,869
10003962,2025FA,5048,4034,1014
10003962,2025SP,3673,3276,397
10003963,2025FA,4807,1285,3522
10003964,2025FA,11328,3853,7475
10003965,2025FA,4399,3823,576
10003966,2025FA,4822,3586,1236
10003967,2025FA,10132,7255,2877
10003968,2025FA,5050,5799,-749
10003969,2025FA,4766,3346,1420
10003970,2025FA,6058,4213,1845
10003970,2025SP,4915,4434,481
10003971,2025FA,8598,1886,6712
10003972,2025FA,4322,3666,656
10003973,2025FA,5537,2656,2881
10003974,2025FA,6420,3323,3097
10003974,2025SP,3660,4632,-972
10003975,2025FA,5717,4655,1062
10003976,2025FA,7045,1338,5707
10003976,2025SP,3749,1313,2436
10003977,2025FA,8687,4249,4438
10003977,2025SP,5049,5137,-88
10003978,2025FA,9948,2882,7066
10003978,2025SP,4666,474,4192
10003979,2025FA,4820,3128,1692
10003980,2025FA,8688,3664,5024
10003980,2025SP,3730,2440,1290
10003981,2025FA,5936,4198,1738
10003981,2025SP,3773,1174,2599
10003982,2025FA,5773,5808,-35
10003983,2025FA,5740,1302,4438
10003983,2025SP,3406,6231,-2825
10003984,2025FA,6402,4456,1946
10003985,2025FA,4738,2373,2365
10003985,2025SP,9336,3661,5675
10003986,2025FA,4577,1657,2920
10003986,2025SP,3876,7338,-3462
10003987,2025FA,5393,698,4695
10003988,2025FA,6286,5690,596
10003989,2025FA,6064,4909,1155
10003989,2025SP,4851,4013,838
10003990,2025FA,8602,6899,1703
10003991,2025FA,5015,5815,-800
10003991,2025SP,6192,2680,3512
10003992,2025FA,4809,1210,3599
10003992,2025SP,3254,3924,-670
10003993,2025FA,4856,6139,-1283
10003993,2025SP,9202,3304,5898
10003994,2025FA,5779,4010,1769
10003994,2025SP,6710,4700,2010
10003995,2025FA,9417,4081,5336
10003996,2025FA,8567,2350,6217
10003997,2025FA,6183,4033,2150
10003998,2025FA,6100,2718,3382
10003999,2025FA,6263,2915,3348
10003999,2025SP,6140,3576,2564
10004000,2025FA,8557,5136,3421
10004000,2025SP,3305,3022,283
10004001,2025FA,5487,5627,-140
10004002,2025FA,9422,1475,7947
10004003,2025FA,9960,4840,5120
10004004,2025FA,5216,4204,1012
10004005,2025FA,4857,3852,1005
10004006,2025FA,4437,2684,1753
10004006,2025SP,3294,5141,-1847
10004007,2025FA,5221,4118,1103
10004008,2025FA,4734,2802,1932
10004009,2025FA,10575,6070,4505
10004010,2025FA,6680,6406,274
10004010,2025SP,8839,4369,4470
10004011,2025FA,5606,1608,3998
10004011,2025SP,9455,5405,4050
10004012,2025FA,5193,2858,2335
10004013,2025FA,8056,6750,1306
10004014,2025FA,7938,999,6939
10004015,2025FA,5022,6715,-1693
10004015,2025SP,4825,4556,269
10004016,2025FA,4408,4285,123
10004017,2025FA,5164,2409,2755
10004018,2025FA,4382,1848,2534
10004018,2025SP,7904,2588,5316
10004019,2025FA,5110,907,4203
10004020,2025FA,8642,2753,5889
10004020,2025SP,3623,1989,1634
10004021,2025FA,4679,2795,1884
10004021,2025SP,3764,2708,1056
10004022,2025FA,10070,4643,5427
10004022,2025SP,8808,4407,4401
10004023,2025FA,8552,3572,4980
10004023,2025SP,3829,3364,465
10004024,2025FA,4694,246,4448
10004025,2025FA,8042,4541,3501
10004026,2025FA,6279,3491,2788
10004026,2025SP,8763,2585,6178
10004027,2025FA,4651,1031,3620
10004027,2025SP,5005,4257,748
10004028,2025FA,8634,5029,3605
10004028,2025SP,5258,2791,2467
10004029,2025FA,5836,317,5519
10004030,2025FA,11438,3088,8350
10004031,2025FA,6052,4291,1761
10004032,2025FA,4856,2619,2237
10004033,2025FA,6567,4747,1820
10004034,2025FA,4947,1211,3736
10004034,2025SP,4566,3331,1235
10004035,2025FA,5890,3078,2812
10004036,2025FA,4689,3330,1359
10004037,2025FA,8074,5460,2614
10004038,2025FA,4760,2331,2429
10004038,2025SP,6857,3115,3742
10004039,2025FA,9215,5521,3694
10004039,2025SP,4775,5789,-1014
10004040,2025FA,5772,4190,1582
10004040,2025SP,4533,1809,2724
10004041,2025FA,5095,1574,3521
10004041,2025SP,6877,2714,4163
10004042,2025FA,5616,1797,3819
10004042,2025SP,4790,3343,1447
10004043,2025FA,9487,928,8559
10004044,2025FA,9405,2992,6413
10004045,2025FA,6227,1746,4481
10004046,2025FA,4520,4716,-196
10004047,2025FA,11230,2554,8676
10004047,2025SP,8828,2434,6394
10004048,2025FA,5243,5863,-620
10004049,2025FA,5490,3710,1780
10004050,2025FA,4584,3967,617
10004050,2025SP,8744,6319,2425
10004051,2025FA,4809,6734,-1925
10004052,2025FA,4825,1063,3762
10004053,2025FA,11397,2584,8813
10004053,2025SP,4757,2968,1789
10004054,2025FA,4671,3338,1333
10004055,2025FA,4544,2034,2510
10004055,2025SP,3851,4048,-197
10004056,2025FA,4794,3344,1450
10004057,2025FA,8095,3442,4653
10004058,2025FA,4759,3034,1725
10004058,2025SP,5087,3058,2029
10004059,2025FA,8661,3263,5398
10004059,2025SP,4594,2583,2011
10004060,2025FA,4923,1510,3413
10004060,2025SP,3538,1637,1901
10004061,2025FA,5496,3416,2080
10004062,2025FA,5800,5425,375
10004063,2025FA,6227,4104,2123
10004064,2025FA,8708,3877,4831
10004064,2025SP,4723,1407,3316
10004065,2025FA,8136,1999,6137
10004066,2025FA,10539,3005,7534
10004067,2025FA,5587,3789,1798
10004068,2025FA,4590,3828,762
10004068,2025SP,4822,2020,2802
10004069,2025FA,5842,248,5594
10004070,2025FA,5072,5916,-844
10004071,2025FA,4669,997,3672
10004072,2025FA,4813,5231,-418
10004073,2025FA,5847,5394,453
10004074,2025FA,6293,4811,1482
10004075,2025FA,4343,3564,779
10004076,2025FA,5091,2391,2700
10004076,2025SP,8834,4319,4515
10004077,2025FA,5484,3636,1848
10004077,2025SP,4439,1487,2952
10004078,2025FA,4655,3488,1167
10004078,2025SP,3657,5196,-1539
10004079,2025FA,5084,516,4568
10004080,2025FA,9447,1402,8045
10004080,2025SP,6675,4374,2301
10004081,2025FA,4367,333,4034
10004082,2025FA,7919,662,7257
10004082,2025SP,9412,5887,3525
10004083,2025FA,5260,381,4879
10004083,2025SP,8675,4663,4012
10004084,2025FA,10066,3259,6807
10004084,2025SP,4697,2680,2017
10004085,2025FA,8610,1543,7067
10004086,2025FA,4866,4032,834
10004087,2025FA,8115,2095,6020
10004088,2025FA,8792,490,8302
10004088,2025SP,4766,5613,-847
10004089,2025FA,5782,4754,1028
10004089,2025SP,4666,5657,-991
10004090,2025FA,4539,5191,-652
10004090,2025SP,3852,1661,2191
10004091,2025FA,4861,6806,-1945
10004092,2025FA,11312,4950,6362
10004093,2025FA,6317,1997,4320
10004093,2025SP,4700,2908,1792
10004094,2025FA,9328,3165,6163
10004095,2025FA,8561,2825,5736
10004095,2025SP,4661,4627,34
10004096,2025FA,4867,5859,-992
10004096,2025SP,6754,1255,5499
10004097,2025FA,4939,2431,2508
10004098,2025FA,4896,4053,843
10004099,2025FA,4877,4641,236
10004100,2025FA,9227,2711,6516
10004100,2025SP,7326,4551,2775
10004101,2025FA,10711,5095,5616
10004102,2025FA,4583,3271,1312
10004103,2025FA,8614,3990,4624
10004104,2025FA,11412,2520,8892
10004104,2025SP,4837,1208,3629
10004105,2025FA,11953,1412,10541
10004106,2025FA,4675,3195,1480
10004107,2025FA,5506,4326,1180
10004107,2025SP,4717,3963,754
10004108,2025FA,4351,3401,950
10004109,2025FA,5750,2345,3405
10004110,2025FA,5859,2808,3051
10004110,2025SP,5476,3961,1515
10004111,2025FA,4725,3941,784
10004112,2025FA,11215,3776,7439
10004113,2025FA,9916,941,8975
10004114,2025FA,4817,3770,1047
10004115,2025FA,8833,864,7969
10004115,2025SP,6740,5371,1369
10004116,2025FA,5017,3260,1757
10004117,2025FA,4306,6540,-2234
10004117,2025SP,3505,3523,-18
10004118,2025FA,10128,2650,7478
10004119,2025FA,5119,720,4399
10004120,2025FA,4659,4720,-61
10004121,2025FA,5299,4876,423
10004122,2025FA,5474,2269,3205
10004123,2025FA,4453,831,3622
10004124,2025FA,5292,560,4732
10004125,2025FA,5036,615,4421
10004125,2025SP,5494,7048,-1554
10004126,2025FA,5070,4116,954
10004126,2025SP,3404,2658,746
10004127,2025FA,8108,218,7890
10004128,2025FA,4710,4197,513
10004129,2025FA,5160,2176,2984
10004130,2025FA,4774,5576,-802
10004131,2025FA,8184,2303,5881
10004131,2025SP,5277,1731,3546
10004132,2025FA,5959,2731,3228
10004132,2025SP,8814,2967,5847
10004133,2025FA,4318,895,3423
10004133,2025SP,5421,2269,3152
10004134,2025FA,5417,2156,3261
10004135,2025FA,4456,2905,1551
10004136,2025FA,4908,2937,1971
10004137,2025FA,8581,3371,5210
10004137,2025SP,3865,2958,907
10004138,2025FA,6281,954,5327
10004139,2025FA,4387,2470,1917
10004139,2025SP,7545,447,7098
10004140,2025FA,9279,3677,5602
10004141,2025FA,5012,5260,-248
10004141,2025SP,4866,3203,1663
10004142,2025FA,4553,1552,3001
10004143,2025FA,5356,3665,1691
10004143,2025SP,6798,2084,4714
10004144,2025FA,5284,539,4745
10004144,2025SP,3708,2272,1436
10004145,2025FA,8697,4654,4043
10004145,2025SP,9448,686,8762
10004146,2025FA,6278,3062,3216
10004146,2025SP,4524,1068,3456
10004147,2025FA,8741,1989,6752
10004147,2025SP,3959,2182,1777
10004148,2025FA,5361,5552,-191
10004149,2025FA,5368,4668,700
10004149,2025SP,3817,1510,2307
10004150,2025FA,5468,3502,1966
10004151,2025FA,5411,2320,3091
10004152,2025FA,9327,1360,7967
10004153,2025FA,6118,1934,4184
10004153,2025SP,4862,1136,3726
10004154,2025FA,10138,3295,6843
10004155,2025FA,5923,5261,662
10004155,2025SP,3812,3073,739
10004156,2025FA,4541,4195,346
10004156,2025SP,8773,230,8543
10004157,2025FA,8823,2438,6385
10004158,2025FA,5935,3923,2012
10004158,2025SP,3309,3044,265
10004159,2025FA,4596,2606,1990
10004159,2025SP,4393,1804,2589
10004160,2025FA,8658,4915,3743
10004161,2025FA,4558,1548,3010
10004162,2025FA,10735,1694,9041
10004163,2025FA,4817,4682,135
10004164,2025FA,5207,4173,1034
10004164,2025SP,6173,3244,2929
10004165,2025FA,4369,1798,2571
10004166,2025FA,4655,3653,1002
10004166,2025SP,4568,2826,1742
10004167,2025FA,5722,1093,4629
10004167,2025SP,9373,6924,2449
10004168,2025FA,8696,3286,5410
10004169,2025FA,4843,3575,1268
10004170,2025FA,5811,2314,3497
10004171,2025FA,7902,844,7058
10004172,2025FA,6072,4403,1669
10004173,2025FA,11988,2679,9309
10004174,2025FA,6348,4796,1552
10004175,2025FA,9498,1581,7917
10004176,2025FA,10553,5468,5085
10004176,2025SP,4574,3626,948
10004177,2025FA,9474,6777,2697
10004178,2025FA,4524,4698,-174
10004179,2025FA,5372,2645,2727
10004180,2025FA,4522,3552,970
10004181,2025FA,5269,1243,4026
10004182,2025FA,8796,3462,5334
10004183,2025FA,9420,3529,5891
10004184,2025FA,9490,5453,4037
10004184,2025SP,8738,6093,2645
10004185,2025FA,9379,1152,8227
10004186,2025FA,5758,3077,2681
10004187,2025FA,5258,5635,-377
10004188,2025FA,8633,4295,4338
10004188,2025SP,4457,3241,1216
10004189,2025FA,8798,7031,1767
10004189,2025SP,4412,3296,1116
10004190,2025FA,4437,1494,2943
10004191,2025FA,8724,3725,4999
10004191,2025SP,5377,4617,760
10004192,2025FA,10774,2430,8344
10004192,2025SP,7387,5004,2383
10004193,2025FA,9369,4956,4413
10004194,2025FA,6121,2728,3393
10004194,2025SP,4660,5987,-1327
10004195,2025FA,9245,3122,6123
10004196,2025FA,6535,2401,4134
10004196,2025SP,3359,3411,-52
10004197,2025FA,5966,1981,3985
10004198,2025FA,11407,2824,8583
10004199,2025FA,4736,4756,-20
10004200,2025FA,4881,270,4611
10004200,2025SP,8794,2119,6675
10004201,2025FA,11394,4798,6596
10004201,2025SP,7419,1699,5720
10004202,2025FA,4706,1414,3292
10004203,2025FA,5285,2220,3065
10004204,2025FA,9470,2636,6834
10004205,2025FA,9216,2009,7207
10004206,2025FA,5645,4035,1610
10004206,2025SP,8658,4914,3744
10004207,2025FA,8552,4180,4372
10004208,2025FA,6242,2139,4103
10004208,2025SP,3503,5166,-1663
10004209,2025FA,7911,5488,2423
10004210,2025FA,5839,5922,-83
10004211,2025FA,8745,4972,3773
10004212,2025FA,4703,3491,1212
10004212,2025SP,4012,4975,-963
10004213,2025FA,4501,845,3656
10004214,2025FA,4675,5456,-781
10004215,2025FA,8613,2375,6238
10004216,2025FA,8106,4583,3523
10004217,2025FA,8742,3936,4806
10004218,2025FA,4427,2908,1519
10004218,2025SP,3790,4105,-315
10004219,2025FA,5453,1614,3839
10004220,2025FA,4793,3084,1709
10004220,2025SP,5649,913,4736
10004221,2025FA,6161,2513,3648
10004222,2025FA,8084,3010,5074
10004223,2025FA,5161,1629,3532
10004223,2025SP,4013,2433,1580
10004224,2025FA,5555,4537,1018
10004224,2025SP,9360,6091,3269
10004225,2025FA,5241,1512,3729
10004226,2025FA,5129,478,4651
10004227,2025FA,5985,2720,3265
10004228,2025FA,9413,3291,6122
10004229,2025FA,8111,4476,3635
10004230,2025FA,9448,1608,7840
10004231,2025FA,4766,4377,389
10004231,2025SP,5188,1994,3194
10004232,2025FA,5171,3968,1203
10004233,2025FA,5007,3017,1990
10004233,2025SP,5280,3519,1761
10004234,2025FA,8566,5763,2803
10004235,2025FA,4945,332,4613
10004235,2025SP,7983,2107,5876
10004236,2025FA,8684,2277,6407
10004236,2025SP,3666,6929,-3263
10004237,2025FA,4695,2713,1982
10004237,2025SP,3726,955,2771
10004238,2025FA,10644,2197,8447
10004238,2025SP,6887,4821,2066
10004239,2025FA,4373,4793,-420
10004240,2025FA,5727,516,5211
10004241,2025FA,8731,4356,4375
10004241,2025SP,8807,2696,6111
10004242,2025FA,5856,2661,3195
10004243,2025FA,8831,3649,5182
10004243,2025SP,3628,4943,-1315
10004244,2025FA,4474,2819,1655
10004245,2025FA,6307,3393,2914
10004246,2025FA,10605,299,10306
10004247,2025FA,5426,2587,2839
10004248,2025FA,4581,3677,904
10004249,2025FA,4584,3589,995
10004250,2025FA,5777,4591,1186
10004251,2025FA,6857,4183,2674
10004252,2025FA,4850,8025,-3175
10004253,2025FA,5019,4433,586
10004254,2025FA,9311,5413,3898
10004255,2025FA,7988,1326,6662
10004256,2025FA,8825,3587,5238
10004257,2025FA,5124,6232,-1108
10004258,2025FA,10789,4289,6500
10004258,2025SP,3823,6264,-2441
10004259,2025FA,8601,2826,5775
10004260,2025FA,8793,2732,6061
10004261,2025FA,4556,2889,1667
10004261,2025SP,3816,1586,2230
10004262,2025FA,5840,6077,-237
10004263,2025FA,4857,3979,878
10004263,2025SP,7458,2000,5458
10004264,2025FA,9368,2931,6437
10004265,2025FA,8691,3318,5373
10004266,2025FA,4346,4448,-102
10004267,2025FA,5152,2822,2330
10004267,2025SP,3960,2613,1347
10004268,2025FA,10742,6478,4264
10004269,2025FA,4459,6064,-1605
10004270,2025FA,4829,2470,2359
10004270,2025SP,3446,1108,2338
10004271,2025FA,4321,4863,-542
10004272,2025FA,5269,208,5061
10004272,2025SP,5138,471,4667
10004273,2025FA,5377,3458,1919
10004274,2025FA,6260,1541,4719
10004275,2025FA,4364,3220,1144
10004275,2025SP,4534,3811,723
10004276,2025FA,4335,4101,234
10004276,2025SP,6005,3948,2057
10004277,2025FA,9892,5900,3992
10004277,2025SP,8076,4857,3219
10004278,2025FA,4775,3758,1017
10004278,2025SP,3685,3469,216
10004279,2025FA,5965,4410,1555
10004279,2025SP,7255,4359,2896
10004280,2025FA,6131,2396,3735
10004281,2025FA,6180,4039,2141
10004282,2025FA,4497,5016,-519
10004283,2025FA,8660,5225,3435
10004284,2025FA,5294,2655,2639
10004285,2025FA,8610,3443,5167
10004286,2025FA,4817,5242,-425
10004286,2025SP,7910,3710,4200
10004287,2025FA,4666,2208,2458
10004288,2025FA,6676,2526,4150
10004288,2025SP,4501,2784,1717
10004289,2025FA,8663,4905,3758
10004290,2025FA,11305,1715,9590
10004290,2025SP,3763,3407,356
10004291,2025FA,5376,3409,1967
10004292,2025FA,5445,3430,2015
10004293,2025FA,5260,1594,3666
10004294,2025FA,8158,553,7605
10004295,2025FA,8589,3683,4906
10004296,2025FA,6608,2081,4527
10004297,2025FA,4729,2883,1846
10004298,2025FA,5260,5021,239
10004299,2025FA,11205,4736,6469
10004300,2025FA,4911,1816,3095
10004300,2025SP,8588,1639,6949
10004301,2025FA,4314,3454,860
10004301,2025SP,3765,4838,-1073
10004302,2025FA,5949,3650,2299
10004302,2025SP,5297,3846,1451
10004303,2025FA,10742,4231,6511
10004304,2025FA,4403,4986,-583
10004305,2025FA,7935,2666,5269
10004305,2025SP,4657,3403,1254
10004306,2025FA,4461,3129,1332
10004307,2025FA,9493,3146,6347
10004307,2025SP,4859,3644,1215
10004308,2025FA,11272,6245,5027
10004308,2025SP,4505,1897,2608
10004309,2025FA,10056,4116,5940
10004310,2025FA,11211,3717,7494
10004311,2025FA,4945,4742,203
10004312,2025FA,10704,3058,7646
10004313,2025FA,5150,2893,2257
10004314,2025FA,4574,905,3669
10004315,2025FA,9321,3711,5610
10004316,2025FA,4893,1237,3656
10004317,2025FA,4918,3847,1071
10004317,2025SP,5093,7019,-1926
10004318,2025FA,8572,3558,5014
10004319,2025FA,5149,1463,3686
10004319,2025SP,8755,4731,4024
10004320,2025FA,4465,4629,-164
10004321,2025FA,6132,763,5369
10004322,2025FA,4773,4081,692
10004322,2025SP,4779,3281,1498
10004323,2025FA,8650,2333,6317
10004324,2025FA,5496,2860,2636
10004325,2025FA,5136,3972,1164
10004325,2025SP,4859,7201,-2342
10004326,2025FA,8575,1670,6905
10004326,2025SP,6677,1326,5351
10004327,2025FA,5112,4494,618
10004328,2025FA,4330,5031,-701
10004328,2025SP,3898,1676,2222
10004329,2025FA,6196,5681,515
10004329,2025SP,6704,3619,3085
10004330,2025FA,9413,2415,6998
10004330,2025SP,4813,3180,1633
10004331,2025FA,6086,1550,4536
10004332,2025FA,4756,2321,2435
10004332,2025SP,3708,5105,-1397
10004333,2025FA,4741,4349,392
10004333,2025SP,3272,3416,-144
10004334,2025FA,8595,1951,6644
10004335,2025FA,9400,2780,6620
10004336,2025FA,11980,2236,9744
10004337,2025FA,6137,1440,4697
10004337,2025SP,4392,3841,551
10004338,2025FA,5264,3650,1614
10004339,2025FA,4561,4453,108
10004340,2025FA,8746,4374,4372
10004341,2025FA,4928,549,4379
10004342,2025FA,5942,6496,-554
10004342,2025SP,6659,5182,1477
10004343,2025FA,11188,1627,9561
10004343,2025SP,5195,1941,3254
10004344,2025FA,4599,1747,2852
10004344,2025SP,4170,771,3399
10004345,2025FA,5573,1933,3640
10004346,2025FA,8650,2812,5838
10004347,2025FA,4679,3431,1248
10004348,2025FA,9850,2221,7629
10004349,2025FA,5645,4641,1004
10004350,2025FA,4654,1938,2716
10004350,2025SP,3625,2101,1524
10004351,2025FA,10762,2891,7871
10004351,2025SP,5245,1772,3473
10004352,2025FA,5239,5171,68
10004353,2025FA,5761,2625,3136
10004354,2025FA,5764,2053,3711
10004355,2025FA,4789,4271,518
10004355,2025SP,4069,852,3217
10004356,2025FA,4308,3441,867
10004357,2025FA,10737,1610,9127
10004357,2025SP,6646,874,5772
10004358,2025FA,6334,5331,1003
10004359,2025FA,4939,2671,2268
10004360,2025FA,5934,1056,4878
10004360,2025SP,3432,5745,-2313
10004361,2025FA,9266,1806,7460
10004361,2025SP,3799,4440,-641
10004362,2025FA,5128,3633,1495
10004362,2025SP,7426,4595,2831
10004363,2025FA,5232,589,4643
10004364,2025FA,11389,2960,8429
10004365,2025FA,9495,1606,7889
10004365,2025SP,8755,3852,4903
10004366,2025FA,5371,3539,1832
10004366,2025SP,4200,873,3327
10004367,2025FA,6681,4958,1723
10004367,2025SP,9865,2259,7606
10004368,2025FA,6180,3921,2259
10004369,2025FA,9297,3461,5836
10004369,2025SP,4188,3774,414
10004370,2025FA,8708,3511,5197
10004370,2025SP,4006,4639,-633
10004371,2025FA,5818,1407,4411
10004372,2025FA,9310,4058,5252
10004373,2025FA,4866,5116,-250
10004374,2025FA,9224,225,8999
10004375,2025FA,8188,4918,3270
10004375,2025SP,9398,2350,7048
10004376,2025FA,5219,3319,1900
10004377,2025FA,11891,3764,8127
10004378,2025FA,4543,6230,-1687
10004379,2025FA,12048,3481,8567
10004380,2025FA,4902,2166,2736
10004381,2025FA,11275,4099,7176
10004382,2025FA,9944,2572,7372
10004383,2025FA,6167,3587,2580
10004383,2025SP,9456,3444,6012
10004384,2025FA,4907,3010,1897
10004385,2025FA,4815,4670,145
10004385,2025SP,5490,1462,4028
10004386,2025FA,5060,4450,610
10004387,2025FA,6274,3631,2643
10004388,2025FA,8686,4382,4304
10004389,2025FA,9480,1024,8456
10004389,2025SP,4386,1246,3140
10004390,2025FA,5277,3685,1592
10004391,2025FA,9982,2521,7461
10004392,2025FA,8071,3525,4546
10004393,2025FA,4541,1698,2843
10004393,2025SP,9427,977,8450
10004394,2025FA,9398,725,8673
10004395,2025FA,4880,4483,397
10004395,2025SP,3380,1905,1475
10004396,2025FA,9361,688,8673
10004397,2025FA,4840,5305,-465
10004398,2025FA,5022,3212,1810
10004398,2025SP,9441,2975,6466
10004399,2025FA,5165,3156,2009
10004400,2025FA,6000,2968,3032
10004401,2025FA,6580,706,5874
10004401,2025SP,8006,4905,3101
10004402,2025FA,6618,5341,1277
10004403,2025FA,5508,2702,2806
10004403,2025SP,4791,3718,1073
10004404,2025FA,4856,1597,3259
10004405,2025FA,10549,7019,3530
10004405,2025SP,8785,2547,6238
10004406,2025FA,5616,4103,1513
10004406,2025SP,5006,4551,455
10004407,2025FA,5148,1945,3203
10004408,2025FA,5212,4693,519
10004408,2025SP,5170,2343,2827
10004409,2025FA,9234,1679,7555
10004410,2025FA,10726,4222,6504
10004411,2025FA,5295,1262,4033
10004412,2025FA,4548,4023,525
10004413,2025FA,4418,3806,612
10004413,2025SP,5221,4312,909
10004414,2025FA,4740,4336,404
10004414,2025SP,8701,3037,5664
10004415,2025FA,5965,2997,2968
10004416,2025FA,4917,4578,339
10004416,2025SP,6202,6323,-121
10004417,2025FA,8648,3283,5365
10004418,2025FA,5433,2151,3282
10004419,2025FA,4441,7899,-3458
10004420,2025FA,5897,3343,2554
10004420,2025SP,4803,3723,1080
10004421,2025FA,5944,1533,4411
10004421,2025SP,5251,4535,716
10004422,2025FA,4885,3833,1052
10004423,2025FA,7955,4566,3389
10004424,2025FA,5796,4956,840
10004424,2025SP,4018,2750,1268
10004425,2025FA,4932,3665,1267
10004426,2025FA,8120,4821,3299
10004427,2025FA,10085,2605,7480
10004428,2025FA,6109,1860,4249
10004429,2025FA,6670,6287,383
10004430,2025FA,4372,6914,-2542
10004431,2025FA,5571,5370,201
10004432,2025FA,8771,3905,4866
10004433,2025FA,4857,2599,2258
10004434,2025FA,8713,4414,4299
10004434,2025SP,4950,1496,3454
10004435,2025FA,8627,5754,2873
10004436,2025FA,9392,3192,6200
10004436,2025SP,7528,6971,557
10004437,2025FA,12068,2963,9105
10004438,2025FA,5263,4453,810
10004438,2025SP,4837,252,4585
10004439,2025FA,8557,2313,6244
10004440,2025FA,4360,4808,-448
10004441,2025FA,8156,3538,4618
10004441,2025SP,3610,222,3388
10004442,2025FA,4678,585,4093
10004442,2025SP,8024,1313,6711
10004443,2025FA,4561,2015,2546
10004444,2025FA,10689,1832,8857
10004445,2025FA,4724,3558,1166
10004446,2025FA,6256,6607,-351
10004447,2025FA,4374,4273,101
10004448,2025FA,5105,2782,2323
10004448,2025SP,4444,2885,1559
10004449,2025FA,11163,986,10177
10004449,2025SP,3285,5222,-1937
10004450,2025FA,6117,3749,2368
10004451,2025FA,6135,3748,2387
10004451,2025SP,5232,4288,944
10004452,2025FA,4827,3905,922
10004453,2025FA,9248,3336,5912
10004454,2025FA,9917,3786,6131
10004455,2025FA,10778,3144,7634
10004456,2025FA,5908,979,4929
10004457,2025FA,6141,6264,-123
10004458,2025FA,9242,4707,4535
10004458,2025SP,8775,5290,3485
10004459,2025FA,11421,3486,7935
10004460,2025FA,4779,5332,-553
10004460,2025SP,4544,1986,2558
10004461,2025FA,5934,4056,1878
10004461,2025SP,6783,6083,700
10004462,2025FA,4799,4796,3
10004463,2025FA,8713,2796,5917
10004464,2025FA,5206,3849,1357
10004465,2025FA,4742,2084,2658
10004466,2025FA,4393,3666,727
10004467,2025FA,5467,1168,4299
10004468,2025FA,9471,3744,5727
10004469,2025FA,5258,5505,-247
10004470,2025FA,8755,3694,5061
10004470,2025SP,7512,1182,6330
10004471,2025FA,9466,2453,7013
10004472,2025FA,4813,6284,-1471
10004472,2025SP,3680,3015,665
10004473,2025FA,11969,2016,9953
10004473,2025SP,3718,2832,886
10004474,2025FA,10111,1825,8286
10004475,2025FA,8018,3991,4027
10004475,2025SP,3771,3345,426
10004476,2025FA,5755,2873,2882
10004477,2025FA,10110,2706,7404
10004478,2025FA,5704,6326,-622
10004479,2025FA,6345,2854,3491
10004480,2025FA,5761,4398,1363
10004480,2025SP,8172,4643,3529
10004481,2025FA,4403,5215,-812
10004482,2025FA,4448,1426,3022
10004483,2025FA,5274,5680,-406
10004484,2025FA,4319,4237,82
10004484,2025SP,3477,1508,1969
10004485,2025FA,4561,3125,1436
10004486,2025FA,5141,884,4257
10004487,2025FA,5874,3044,2830
10004488,2025FA,5145,2047,3098
10004488,2025SP,5182,1373,3809
10004489,2025FA,10137,5014,5123
10004489,2025SP,5234,4041,1193
10004490,2025FA,6332,4357,1975
10004491,2025FA,5745,2058,3687
10004491,2025SP,5169,4818,351
10004492,2025FA,5566,1685,3881
10004493,2025FA,5739,3726,2013
10004493,2025SP,4867,3817,1050
10004494,2025FA,4915,2055,2860
10004495,2025FA,6682,3004,3678
10004496,2025FA,5967,3372,2595
10004496,2025SP,5228,3624,1604
10004497,2025FA,5959,6233,-274
10004497,2025SP,4480,6255,-1775
10004498,2025FA,8821,1996,6825
10004498,2025SP,5092,1754,3338
10004499,2025FA,5242,510,4732
10004499,2025SP,3354,1830,1524
10004500,2025FA,5961,2946,3015
10004501,2025FA,5874,3010,2864
10004501,2025SP,6620,3099,3521
10004502,2025FA,4836,4813,23
10004503,2025FA,4933,2345,2588
10004503,2025SP,4717,5649,-932
10004504,2025FA,5748,1138,4610
10004504,2025SP,5998,882,5116
10004505,2025FA,4415,2874,1541
10004506,2025FA,4458,6810,-2352
10004506,2025SP,3842,3936,-94
10004507,2025FA,7971,5533,2438
10004507,2025SP,6675,3798,2877
10004508,2025FA,8801,3557,5244
10004508,2025SP,9202,1228,7974
10004509,2025FA,9248,4902,4346
10004509,2025SP,4708,5135,-427
10004510,2025FA,9483,2611,6872
10004511,2025FA,4698,3163,1535
10004512,2025FA,10731,1625,9106
10004512,2025SP,6869,1488,5381
10004513,2025FA,6211,4996,1215
10004514,2025FA,4695,1162,3533
10004515,2025FA,5188,3469,1719
10004516,2025FA,13167,1692,11475
10004517,2025FA,8754,2089,6665
10004518,2025FA,4590,1485,3105
10004518,2025SP,3462,2217,1245
10004519,2025FA,7960,6171,1789
10004520,2025FA,8654,3852,4802
10004521,2025FA,8767,4798,3969
10004521,2025SP,5223,539,4684
10004522,2025FA,4680,2684,1996
10004522,2025SP,3659,639,3020
10004523,2025FA,4738,2266,2472
10004523,2025SP,5188,4000,1188
10004524,2025FA,8629,365,8264
10004525,2025FA,4651,1234,3417
10004525,2025SP,5299,2059,3240
10004526,2025FA,4800,1046,3754
10004527,2025FA,4472,1305,3167
10004528,2025FA,5568,1978,3590
10004529,2025FA,4949,2706,2243
10004530,2025FA,5237,2187,3050
10004531,2025FA,5184,4274,910
10004531,2025SP,4527,1961,2566
10004532,2025FA,5776,5060,716
10004533,2025FA,5195,1959,3236
10004533,2025SP,6820,409,6411
10004534,2025FA,4328,4121,207
10004534,2025SP,6771,3420,3351
10004535,2025FA,6560,5138,1422
10004536,2025FA,6216,6985,-769
10004537,2025FA,5377,1826,3551
10004538,2025FA,5149,2194,2955
10004538,2025SP,9432,5142,4290
10004539,2025FA,5063,2518,2545
10004540,2025FA,9344,2656,6688
10004540,2025SP,4663,2118,2545
10004541,2025FA,4545,4726,-181
10004542,2025FA,5824,453,5371
10004542,2025SP,3790,6440,-2650
10004543,2025FA,6604,2960,3644
10004544,2025FA,4899,2722,2177
10004544,2025SP,9273,6715,2558
10004545,2025FA,6279,378,5901
10004545,2025SP,4856,6971,-2115
10004546,2025FA,5275,2120,3155
10004546,2025SP,7482,3227,4255
10004547,2025FA,5748,1856,3892
10004547,2025SP,3628,5361,-1733
10004548,2025FA,4746,6035,-1289
10004549,2025FA,8671,6822,1849
10004549,2025SP,4688,2943,1745
10004550,2025FA,5036,6431,-1395
10004550,2025SP,4820,2752,2068
10004551,2025FA,5511,1815,3696
10004551,2025SP,9418,1766,7652
10004552,2025FA,5621,1814,3807
10004552,2025SP,6796,3958,2838
10004553,2025FA,5075,4993,82
10004554,2025FA,5234,1191,4043
10004554,2025SP,4832,3825,1007
10004555,2025FA,8581,2429,6152
10004555,2025SP,4411,3976,435
10004556,2025FA,4379,3057,1322
10004557,2025FA,11333,5796,5537
10004558,2025FA,5442,3238,2204
10004558,2025SP,10793,2381,8412
10004559,2025FA,10716,4242,6474
10004560,2025FA,4485,1930,2555
10004560,2025SP,3662,685,2977
10004561,2025FA,5518,4447,1071
10004562,2025FA,11418,2421,8997
10004562,2025SP,3739,2781,958
10004563,2025FA,9230,4120,5110
10004564,2025FA,9244,2348,6896
10004565,2025FA,4815,4384,431
10004566,2025FA,6104,4925,1179
10004566,2025SP,8092,4164,3928
10004567,2025FA,4673,549,4124
10004568,2025FA,9939,6905,3034
10004568,2025SP,6695,4236,2459
10004569,2025FA,5372,4252,1120
10004569,2025SP,4655,4162,493
10004570,2025FA,5993,5373,620
10004571,2025FA,4309,4110,199
10004571,2025SP,3890,2836,1054
10004572,2025FA,4563,5534,-971
10004572,2025SP,4871,5025,-154
10004573,2025FA,5766,4854,912
10004573,2025SP,3891,1166,2725
10004574,2025FA,4309,3826,483
10004575,2025FA,5513,3014,2499
10004575,2025SP,3894,669,3225
10004576,2025FA,4876,4652,224
10004576,2025SP,6669,5723,946
10004577,2025FA,6329,2200,4129
10004577,2025SP,9330,1037,8293
10004578,2025FA,10062,3500,6562
10004579,2025FA,9469,3498,5971
10004580,2025FA,4360,1642,2718
10004580,2025SP,5280,2687,2593
10004581,2025FA,7973,1784,6189
10004582,2025FA,4589,4723,-134
10004583,2025FA,4858,6144,-1286
10004584,2025FA,5633,2745,2888
10004585,2025FA,5266,3635,1631
10004585,2025SP,9459,2926,6533
10004586,2025FA,8079,4209,3870
10004586,2025SP,8663,6277,2386
10004587,2025FA,6273,2436,3837
10004587,2025SP,4839,4351,488
10004588,2025FA,6436,4005,2431
10004589,2025FA,9329,1239,8090
10004589,2025SP,9229,4059,5170
10004590,2025FA,5503,3320,2183
10004591,2025FA,4745,1064,3681
10004592,2025FA,6149,2399,3750
10004593,2025FA,4833,5506,-673
10004593,2025SP,3347,5844,-2497
10004594,2025FA,6343,6574,-231
10004594,2025SP,4936,2924,2012
10004595,2025FA,8022,2931,5091
10004595,2025SP,5029,4124,905
10004596,2025FA,5237,3917,1320
10004597,2025FA,4885,507,4378
10004598,2025FA,9255,4055,5200
10004598,2025SP,3622,1522,2100
10004599,2025FA,5242,699,4543
10004600,2025FA,4926,2397,2529
10004601,2025FA,4745,1223,3522
10004602,2025FA,9210,5582,3628
10004603,2025FA,5737,1789,3948
10004603,2025SP,8829,3555,5274
10004604,2025FA,5420,4197,1223
10004605,2025FA,8656,1837,6819
10004605,2025SP,4435,1766,2669
10004606,2025FA,4727,3335,1392
10004606,2025SP,9420,1166,8254
10004607,2025FA,4370,2689,1681
10004608,2025FA,5990,4984,1006
10004608,2025SP,3651,1984,1667
10004609,2025FA,4371,1657,2714
10004610,2025FA,5929,4107,1822
10004611,2025FA,8771,1266,7505
10004611,2025SP,8619,3764,4855
10004612,2025FA,4865,1933,2932
10004612,2025SP,3382,6779,-3397
10004613,2025FA,5040,3177,1863
10004614,2025FA,4655,5361,-706
10004614,2025SP,5367,3471,1896
10004615,2025FA,5382,4484,898
10004616,2025FA,4657,1686,2971
10004617,2025FA,9364,4116,5248
10004618,2025FA,5770,3368,2402
10004618,2025SP,4851,1929,2922
10004619,2025FA,4402,2933,1469
10004620,2025FA,8829,2117,6712
10004621,2025FA,8672,2773,5899
10004622,2025FA,4888,1319,3569
10004623,2025FA,9877,1865,8012
10004624,2025FA,6460,7221,-761
10004624,2025SP,4331,1638,2693
10004625,2025FA,5248,4213,1035
10004626,2025FA,4888,4010,878
10004626,2025SP,6711,4462,2249
10004627,2025FA,9451,5202,4249
10004627,2025SP,8101,3538,4563
10004628,2025FA,5744,5339,405
10004628,2025SP,4894,6183,-1289
10004629,2025FA,4855,4948,-93
10004630,2025FA,6082,290,5792
10004630,2025SP,4590,4469,121
10004631,2025FA,6600,4222,2378
10004631,2025SP,6607,5727,880
10004632,2025FA,8736,2388,6348
10004633,2025FA,5792,2410,3382
10004634,2025FA,5730,2694,3036
10004635,2025FA,9403,3857,5546
10004636,2025FA,8800,5586,3214
10004636,2025SP,9438,3150,6288
10004637,2025FA,5869,1418,4451
10004637,2025SP,7404,3133,4271
10004638,2025FA,4865,4255,610
10004638,2025SP,4028,1935,2093
10004639,2025FA,8182,5522,2660
10004640,2025FA,5239,3310,1929
10004641,2025FA,4903,1142,3761
10004641,2025SP,6739,3660,3079
10004642,2025FA,12064,1782,10282
10004643,2025FA,6168,2749,3419
10004644,2025FA,6064,3002,3062
10004645,2025FA,6202,2492,3710
10004646,2025FA,5164,3885,1279
10004646,2025SP,6827,1130,5697
10004647,2025FA,7900,1562,6338
10004648,2025FA,12604,2237,10367
10004648,2025SP,3782,5882,-2100
10004649,2025FA,5275,1004,4271
10004649,2025SP,9420,2512,6908
10004650,2025FA,4919,4842,77
10004650,2025SP,4078,1318,2760
10004651,2025FA,5258,6366,-1108
10004652,2025FA,6620,5432,1188
10004653,2025FA,4910,2535,2375
10004654,2025FA,4932,3224,1708
10004654,2025SP,9497,2444,7053
10004655,2025FA,4864,4502,362
10004655,2025SP,7526,5450,2076
10004656,2025FA,4462,3383,1079
10004657,2025FA,5765,2866,2899
10004658,2025FA,5247,3391,1856
10004659,2025FA,10707,4807,5900
10004659,2025SP,5256,2145,3111
10004660,2025FA,8726,3570,5156
10004660,2025SP,4947,437,4510
10004661,2025FA,6628,5789,839
10004662,2025FA,8552,1904,6648
10004663,2025FA,4692,2727,1965
10004663,2025SP,4878,2460,2418
10004664,2025FA,5502,6754,-1252
10004665,2025FA,4522,4534,-12
10004665,2025SP,3775,2963,812
10004666,2025FA,9409,3184,6225
10004667,2025FA,4329,6884,-2555
10004668,2025FA,8710,6746,1964
10004669,2025FA,8771,3242,5529
10004669,2025SP,8764,4589,4175
10004670,2025FA,4505,1757,2748
10004670,2025SP,4419,4372,47
10004671,2025FA,4909,5308,-399
10004672,2025FA,6846,1991,4855
10004673,2025FA,8559,2833,5726
10004674,2025FA,7933,1617,6316
10004675,2025FA,9858,3406,6452
10004676,2025FA,5790,3952,1838
10004677,2025FA,5083,2806,2277
10004677,2025SP,4383,3765,618
10004678,2025FA,10770,252,10518
10004678,2025SP,4675,4889,-214
10004679,2025FA,4783,4187,596
10004679,2025SP,3631,3467,164
10004680,2025FA,8653,3356,5297
10004680,2025SP,4367,3674,693
10004681,2025FA,4666,2103,2563
10004682,2025FA,5787,3113,2674
10004682,2025SP,5059,3739,1320
10004683,2025FA,5053,2818,2235
10004684,2025FA,5807,1519,4288
10004684,2025SP,5242,2687,2555
10004685,2025FA,4788,4527,261
10004686,2025FA,4890,5069,-179
10004687,2025FA,8624,4375,4249
10004688,2025FA,4409,2674,1735
10004689,2025FA,5013,2229,2784
10004690,2025FA,8590,2072,6518
10004691,2025FA,7967,480,7487
10004692,2025FA,6275,788,5487
10004692,2025SP,4655,2072,2583
10004693,2025FA,4812,4836,-24
10004693,2025SP,3541,4293,-752
10004694,2025FA,4480,582,3898
10004694,2025SP,5039,6448,-1409
10004695,2025FA,8733,3115,5618
10004695,2025SP,4729,740,3989
10004696,2025FA,9866,611,9255
10004697,2025FA,8745,509,8236
10004698,2025FA,5292,7178,-1886
10004698,2025SP,5152,1917,3235
10004699,2025FA,8653,3319,5334
10004700,2025FA,4355,5815,-1460
10004701,2025FA,6063,4201,1862
10004702,2025FA,4854,5348,-494
10004702,2025SP,4881,2167,2714
10004703,2025FA,5755,6178,-423
10004704,2025FA,5554,1186,4368
10004705,2025FA,12646,2963,9683
10004705,2025SP,4840,2198,2642
10004706,2025FA,9464,2800,6664
10004707,2025FA,11323,2406,8917
10004708,2025FA,5390,1824,3566
10004708,2025SP,3715,1585,2130
10004709,2025FA,5948,2398,3550
10004710,2025FA,8569,1599,6970
10004711,2025FA,5224,3890,1334
10004712,2025FA,5890,1465,4425
10004713,2025FA,8624,1184,7440
10004714,2025FA,4505,5008,-503
10004715,2025FA,10062,5662,4400
10004716,2025FA,5903,4367,1536
10004717,2025FA,5273,5142,131
10004717,2025SP,3409,3213,196
10004718,2025FA,8688,1700,6988
10004719,2025FA,4942,3502,1440
10004719,2025SP,5212,6950,-1738
10004720,2025FA,5397,4686,711
10004720,2025SP,3435,946,2489
10004721,2025FA,6250,3160,3090
10004722,2025FA,5457,2565,2892
10004723,2025FA,5244,3584,1660
10004724,2025FA,4663,2389,2274
10004725,2025FA,5991,2668,3323
10004725,2025SP,5206,2833,2373
10004726,2025FA,9355,1821,7534
10004727,2025FA,4872,1420,3452
10004728,2025FA,10088,3407,6681
10004729,2025FA,5089,928,4161
10004729,2025SP,3862,5126,-1264
10004730,2025FA,4949,4244,705
10004731,2025FA,5487,4092,1395
10004731,2025SP,3297,4494,-1197
10004732,2025FA,8730,3802,4928
10004733,2025FA,4921,2008,2913
10004734,2025FA,8178,6954,1224
10004735,2025FA,4459,3718,741
10004736,2025FA,5882,3856,2026
10004737,2025FA,6304,1966,4338
10004738,2025FA,11896,3819,8077
10004739,2025FA,4532,2744,1788
10004740,2025FA,11293,2314,8979
10004740,2025SP,5286,2693,2593
10004741,2025FA,7927,3740,4187
10004741,2025SP,3681,1536,2145
10004742,2025FA,5038,1692,3346
10004742,2025SP,3614,1730,1884
10004743,2025FA,8669,1890,6779
10004743,2025SP,3812,324,3488
10004744,2025FA,5357,5975,-618
10004744,2025SP,6712,3362,3350
10004745,2025FA,5474,2417,3057
10004746,2025FA,8808,3598,5210
10004747,2025FA,10787,1924,8863
10004747,2025SP,4866,1065,3801
10004748,2025FA,4401,6551,-2150
10004749,2025FA,5989,688,5301
10004750,2025FA,5907,3521,2386
10004751,2025FA,5470,622,4848
10004752,2025FA,5223,2616,2607
10004752,2025SP,4323,3938,385
10004753,2025FA,8573,4661,3912
10004754,2025FA,5390,2076,3314
10004755,2025FA,6593,454,6139
10004755,2025SP,4766,3948,818
10004756,2025FA,6614,1388,5226
10004757,2025FA,11875,1581,10294
10004758,2025FA,8715,3346,5369
10004759,2025FA,5499,5556,-57
10004760,2025FA,4537,1511,3026
10004760,2025SP,6052,3740,2312
10004761,2025FA,4376,4301,75
10004761,2025SP,6700,312,6388
10004762,2025FA,4308,3779,529
10004762,2025SP,4719,3587,1132
10004763,2025FA,9418,3525,5893
10004764,2025FA,6259,3120,3139
10004764,2025SP,6177,1179,4998
10004765,2025FA,8829,5600,3229
10004766,2025FA,6276,2290,3986
10004767,2025FA,4838,3728,1110
10004768,2025FA,5648,4444,1204
10004768,2025SP,7334,3240,4094
10004769,2025FA,6279,437,5842
10004769,2025SP,3862,1865,1997
10004770,2025FA,6633,4589,2044
10004771,2025FA,8754,6343,2411
10004771,2025SP,4811,2126,2685
10004772,2025FA,5187,4674,513
10004772,2025SP,3665,2667,998
10004773,2025FA,9884,3201,6683
10004773,2025SP,9885,5016,4869
10004774,2025FA,4849,3947,902
10004775,2025FA,7978,2163,5815
10004776,2025FA,5987,4953,1034
10004776,2025SP,4509,1909,2600
10004777,2025FA,4941,2924,2017
10004778,2025FA,5936,5054,882
10004779,2025FA,11918,1598,10320
10004779,2025SP,3441,6563,-3122
10004780,2025FA,4418,1489,2929
10004781,2025FA,4828,5839,-1011
10004781,2025SP,4183,3370,813
10004782,2025FA,5913,3474,2439
10004783,2025FA,8719,2273,6446
10004783,2025SP,3784,1001,2783
10004784,2025FA,9347,4939,4408
10004785,2025FA,4728,2826,1902
10004785,2025SP,8806,2643,6163
10004786,2025FA,12060,8216,3844
10004787,2025FA,4362,1036,3326
10004787,2025SP,3277,2871,406
10004788,2025FA,6330,5728,602
10004788,2025SP,4036,3549,487
10004789,2025FA,5724,3853,1871
10004789,2025SP,8129,2376,5753
10004790,2025FA,8038,1877,6161
10004791,2025FA,4735,364,4371
10004791,2025SP,3661,6226,-2565
10004792,2025FA,6234,6075,159
10004792,2025SP,5609,4321,1288
10004793,2025FA,7946,3228,4718
10004793,2025SP,8812,1569,7243
10004794,2025FA,5719,2780,2939
10004795,2025FA,4765,3447,1318
10004796,2025FA,5357,6539,-1182
10004796,2025SP,8045,4978,3067
10004797,2025FA,9461,923,8538
10004798,2025FA,4529,500,4029
10004798,2025SP,3442,2316,1126
10004799,2025FA,5397,6122,-725
10004800,2025FA,8043,2666,5377
10004800,2025SP,4009,2316,1693
10004801,2025FA,5624,4000,1624
10004801,2025SP,9239,646,8593
10004802,2025FA,4834,3196,1638
10004803,2025FA,8133,3907,4226
10004804,2025FA,5553,3809,1744
10004805,2025FA,11187,6459,4728
10004805,2025SP,4869,2656,2213
10004806,2025FA,4409,3481,928
10004806,2025SP,6107,1613,4494
10004807,2025FA,4493,2802,1691
10004807,2025SP,7462,4651,2811
10004808,2025FA,5423,3221,2202
10004809,2025FA,11416,1619,9797
10004810,2025FA,5187,6410,-1223
10004810,2025SP,4898,3407,1491
10004811,2025FA,10099,1771,8328
10004811,2025SP,3510,1928,1582
10004812,2025FA,9894,2273,7621
10004813,2025FA,5160,4912,248
10004813,2025SP,4370,6179,-1809
10004814,2025FA,5243,886,4357
10004814,2025SP,3664,729,2935
10004815,2025FA,5761,7173,-1412
10004816,2025FA,8665,3552,5113
10004817,2025FA,8115,363,7752
10004818,2025FA,5872,4303,1569
10004818,2025SP,6792,5470,1322
10004819,2025FA,5952,3093,2859
10004819,2025SP,8564,4130,4434
10004820,2025FA,8666,1172,7494
10004821,2025FA,4429,5309,-880
10004822,2025FA,4914,3871,1043
10004822,2025SP,5162,1287,3875
10004823,2025FA,8772,1984,6788
10004824,2025FA,5576,2670,2906
10004824,2025SP,3887,7106,-3219
10004825,2025FA,4797,4974,-177
10004826,2025FA,11218,6816,4402
10004826,2025SP,6105,3642,2463
10004827,2025FA,4852,4748,104
10004827,2025SP,4016,5382,-1366
10004828,2025FA,4388,3142,1246
10004829,2025FA,4411,3532,879
10004830,2025FA,8590,5996,2594
10004831,2025FA,4817,3992,825
10004832,2025FA,4931,4874,57
10004833,2025FA,4463,1651,2812
10004833,2025SP,4666,1907,2759
10004834,2025FA,5996,999,4997
10004834,2025SP,3517,1483,2034
10004835,2025FA,9231,4054,5177
10004836,2025FA,4882,3765,1117
10004836,2025SP,6640,982,5658
10004837,2025FA,5112,4948,164
10004838,2025FA,5747,2661,3086
10004839,2025FA,8552,3220,5332
10004840,2025FA,4902,2507,2395
10004841,2025FA,5239,3836,1403
10004842,2025FA,4391,1218,3173
10004843,2025FA,6550,2482,4068
10004843,2025SP,9988,3993,5995
10004844,2025FA,8014,5694,2320
10004845,2025FA,4575,1523,3052
10004846,2025FA,10562,1796,8766
10004847,2025FA,5776,2916,2860
10004848,2025FA,4723,4415,308
10004849,2025FA,10725,2727,7998
10004850,2025FA,10132,1602,8530
10004851,2025FA,11227,6146,5081
10004852,2025FA,4950,3919,1031
10004853,2025FA,8701,5925,2776
10004853,2025SP,3534,5756,-2222
10004854,2025FA,9473,1292,8181
10004854,2025SP,4900,4271,629
10004855,2025FA,4554,4822,-268
10004856,2025FA,4802,6076,-1274
10004856,2025SP,5523,3730,1793
10004857,2025FA,8695,5281,3414
10004857,2025SP,5282,5685,-403
10004858,2025FA,4734,1701,3033
10004859,2025FA,9435,3921,5514
10004860,2025FA,4572,3718,854
10004860,2025SP,4543,1839,2704
10004861,2025FA,8146,4272,3874
10004861,2025SP,3884,3179,705
10004862,2025FA,8643,5256,3387
10004863,2025FA,4544,2451,2093
10004864,2025FA,4748,5395,-647
10004865,2025FA,4676,3414,1262
10004866,2025FA,11196,3748,7448
10004867,2025FA,5912,2584,3328
10004868,2025FA,4881,2212,2669
10004869,2025FA,8563,3033,5530
10004869,2025SP,8735,4238,4497
10004870,2025FA,4486,3742,744
10004871,2025FA,5845,1730,4115
10004872,2025FA,6466,2718,3748
10004873,2025FA,6093,4083,2010
10004873,2025SP,5271,3280,1991
10004874,2025FA,9336,2079,7257
10004875,2025FA,4433,3920,513
10004876,2025FA,4519,5646,-1127
10004876,2025SP,3272,407,2865
10004877,2025FA,10037,5021,5016
10004878,2025FA,5824,3435,2389
10004878,2025SP,4592,4187,405
10004879,2025FA,8195,900,7295
10004879,2025SP,7422,2154,5268
10004880,2025FA,8790,6238,2552
10004881,2025FA,5129,1816,3313
10004882,2025FA,4414,5693,-1279
10004883,2025FA,4406,3680,726
10004884,2025FA,6170,5092,1078
10004885,2025FA,11272,5923,5349
10004886,2025FA,10794,3219,7575
10004887,2025FA,10611,2589,8022
10004887,2025SP,3707,3312,395
10004888,2025FA,6992,4822,2170
10004889,2025FA,6178,3930,2248
10004889,2025SP,6709,2874,3835
10004890,2025FA,5470,3054,2416
10004890,2025SP,8702,2999,5703
10004891,2025FA,6089,3243,2846
10004892,2025FA,11965,2408,9557
10004893,2025FA,4351,1510,2841
10004894,2025FA,6349,3238,3111
10004895,2025FA,4657,3881,776
10004896,2025FA,5159,7846,-2687
10004897,2025FA,6604,3603,3001
10004898,2025FA,4875,3688,1187
10004899,2025FA,5144,2777,2367
10004900,2025FA,9276,3544,5732
10004901,2025FA,4461,2627,1834
10004901,2025SP,3331,6519,-3188
10004902,2025FA,8675,1359,7316
10004903,2025FA,6275,2049,4226
10004903,2025SP,4066,4195,-129
10004904,2025FA,4818,5360,-542
10004904,2025SP,4167,3394,773
10004905,2025FA,10542,6468,4074
10004905,2025SP,4712,2118,2594
10004906,2025FA,7993,916,7077
10004907,2025FA,9975,3716,6259
10004908,2025FA,4882,2635,2247
10004909,2025FA,5552,3029,2523
10004910,2025FA,8615,5290,3325
10004911,2025FA,4673,762,3911
10004911,2025SP,3686,2065,1621
10004912,2025FA,6602,1946,4656
10004912,2025SP,4022,3873,149
10004913,2025FA,8653,3072,5581
10004914,2025FA,8697,3779,4918
10004914,2025SP,5480,7448,-1968
10004915,2025FA,8147,2418,5729
10004916,2025FA,5925,8975,-3050
10004917,2025FA,5218,5016,202
10004918,2025FA,5936,2723,3213
10004919,2025FA,8745,2695,6050
10004920,2025FA,5731,3460,2271
10004921,2025FA,4847,2853,1994
10004922,2025FA,5096,3758,1338
10004922,2025SP,4524,3747,777
10004923,2025FA,9207,5053,4154
10004923,2025SP,4725,2840,1885
10004924,2025FA,5205,5624,-419
10004925,2025FA,8718,6728,1990
10004926,2025FA,4431,569,3862
10004926,2025SP,5067,2106,2961
10004927,2025FA,8551,4913,3638
10004928,2025FA,9271,4455,4816
10004929,2025FA,4754,2922,1832
10004930,2025FA,4876,1578,3298
10004930,2025SP,4478,4955,-477
10004931,2025FA,5232,1467,3765
10004932,2025FA,5082,2239,2843
10004932,2025SP,4525,2214,2311
10004933,2025FA,5527,4228,1299
10004933,2025SP,4904,5208,-304
10004934,2025FA,4450,4285,165
10004935,2025FA,5753,5425,328
10004936,2025FA,9397,3284,6113
10004937,2025FA,11157,1217,9940
10004938,2025FA,6559,1560,4999
10004939,2025FA,9303,4463,4840
10004940,2025FA,5056,2900,2156
10004941,2025FA,5020,3298,1722
10004942,2025FA,9860,3091,6769
10004943,2025FA,5242,2933,2309
10004944,2025FA,5237,4918,319
10004945,2025FA,9432,4514,4918
10004946,2025FA,6123,3285,2838
10004947,2025FA,4687,6620,-1933
10004948,2025FA,6168,3569,2599
10004948,2025SP,3782,4644,-862
10004949,2025FA,6227,5382,845
10004949,2025SP,7959,1567,6392
10004950,2025FA,4372,3270,1102
10004951,2025FA,4471,7431,-2960
10004951,2025SP,5259,4493,766
10004952,2025FA,4470,2074,2396
10004952,2025SP,3300,3046,254
10004953,2025FA,4549,1294,3255
10004953,2025SP,3786,4056,-270
10004954,2025FA,9979,6049,3930
10004955,2025FA,9969,3822,6147
10004956,2025FA,4839,2349,2490
10004956,2025SP,3656,4773,-1117
10004957,2025FA,5885,1695,4190
10004958,2025FA,4657,1327,3330
10004959,2025FA,4398,3647,751
10004959,2025SP,4394,3908,486
10004960,2025FA,4354,3506,848
10004960,2025SP,3766,3674,92
10004961,2025FA,7947,529,7418
10004962,2025FA,6337,1934,4403
10004963,2025FA,4507,1355,3152
10004964,2025FA,5909,2188,3721
10004965,2025FA,5371,2552,2819
10004965,2025SP,6689,3822,2867
10004966,2025FA,5819,2859,2960
10004966,2025SP,4525,5995,-1470
10004967,2025FA,5542,2503,3039
10004967,2025SP,5067,3481,1586
10004968,2025FA,6629,2027,4602
10004969,2025FA,8818,6886,1932
10004970,2025FA,11843,1623,10220
10004971,2025FA,8844,785,8059
10004972,2025FA,4554,1387,3167
10004973,2025FA,8836,5259,3577
10004974,2025FA,4755,3668,1087
10004974,2025SP,7539,6455,1084
10004975,2025FA,5103,2769,2334
10004976,2025FA,5238,2828,2410
10004976,2025SP,3471,2103,1368
10004977,2025FA,9335,1874,7461
10004978,2025FA,8632,2799,5833
10004978,2025SP,5369,1765,3604
10004979,2025FA,4741,5933,-1192
10004979,2025SP,9306,6819,2487
10004980,2025FA,5281,5026,255
10004981,2025FA,8612,804,7808
10004982,2025FA,8170,3411,4759
10004983,2025FA,4421,4184,237
10004983,2025SP,3677,461,3216
10004984,2025FA,8639,4470,4169
10004984,2025SP,3525,5235,-1710
10004985,2025FA,5077,7811,-2734
10004986,2025FA,8746,6037,2709
10004987,2025FA,4666,3502,1164
10004988,2025FA,4592,4162,430
10004989,2025FA,10114,3848,6266
10004990,2025FA,8747,2599,6148
10004990,2025SP,7381,4221,3160
10004991,2025FA,6265,2685,3580
10004992,2025FA,6755,4710,2045
10004992,2025SP,6196,3622,2574
10004993,2025FA,5439,1142,4297
10004994,2025FA,10135,4743,5392
10004994,2025SP,9213,2028,7185
10004995,2025FA,11181,6100,5081
10004996,2025FA,8720,1939,6781
10004996,2025SP,4833,3124,1709
10004997,2025FA,8647,3489,5158
10004998,2025FA,5029,6179,-1150
10004999,2025FA,8593,5347,3246
10005000,2025FA,4703,3908,795
10005000,2025SP,3451,334,3117
10005001,2025FA,5560,3504,2056
10005001,2025SP,4710,1047,3663
10005002,2025FA,9412,2464,6948
10005002,2025SP,3891,2343,1548
10005003,2025FA,9340,4103,5237
10005004,2025FA,5487,3772,1715
10005005,2025FA,10079,2012,8067
10005006,2025FA,6325,2332,3993
10005006,2025SP,7957,6273,1684
10005007,2025FA,4720,5193,-473
10005008,2025FA,4651,3387,1264
10005009,2025FA,4850,6116,-1266
10005009,2025SP,9355,2676,6679
10005010,2025FA,6222,2115,4107
10005011,2025FA,6261,7599,-1338
10005012,2025FA,11962,4163,7799
10005012,2025SP,3832,4666,-834
10005013,2025FA,5740,3383,2357
10005014,2025FA,5260,4203,1057
10005014,2025SP,3377,3138,239
10005015,2025FA,4903,1938,2965
10005016,2025FA,5183,2157,3026
10005017,2025FA,5240,3656,1584
10005017,2025SP,4097,2957,1140
10005018,2025FA,8169,2589,5580
10005019,2025FA,8645,5123,3522
10005020,2025FA,10592,2068,8524
10005020,2025SP,3473,4482,-1009
10005021,2025FA,8795,4267,4528
10005022,2025FA,6072,3247,2825
10005023,2025FA,6122,3820,2302
10005024,2025FA,4795,4952,-157
10005024,2025SP,3322,3987,-665
10005025,2025FA,5923,6474,-551
10005025,2025SP,4489,7756,-3267
10005026,2025FA,5554,4374,1180
10005026,2025SP,8060,3811,4249
10005027,2025FA,5979,3288,2691
10005027,2025SP,3756,1721,2035
10005028,2025FA,10123,1908,8215
10005028,2025SP,4324,4225,99
10005029,2025FA,4574,4357,217
10005029,2025SP,4241,4678,-437
10005030,2025FA,5878,3004,2874
10005030,2025SP,3324,2505,819
10005031,2025FA,5512,935,4577
10005032,2025FA,4813,5280,-467
10005032,2025SP,4800,4805,-5
10005033,2025FA,4867,1591,3276
10005034,2025FA,4442,4909,-467
10005034,2025SP,4712,2601,2111
10005035,2025FA,5962,5621,341
10005036,2025FA,9928,988,8940
10005037,2025FA,5196,2350,2846
10005037,2025SP,6628,4539,2089
10005038,2025FA,10704,4673,6031
10005039,2025FA,10606,4990,5616
10005039,2025SP,4482,3212,1270
10005040,2025FA,4763,1959,2804
10005041,2025FA,8664,2927,5737
10005041,2025SP,7919,2533,5386
10005042,2025FA,4947,1694,3253
10005043,2025FA,8698,4670,4028
10005043,2025SP,6710,2850,3860
10005044,2025FA,4368,1999,2369
10005045,2025FA,8191,3699,4492
10005045,2025SP,6817,6118,699
10005046,2025FA,7962,3867,4095
10005047,2025FA,11245,1857,9388
10005047,2025SP,5594,744,4850
10005048,2025FA,4563,5140,-577
10005049,2025FA,10784,1827,8957
10005049,2025SP,5157,2625,2532
10005050,2025FA,4809,5441,-632
10005050,2025SP,3662,1333,2329
10005051,2025FA,12729,6209,6520
10005052,2025FA,9280,2575,6705
10005053,2025FA,10019,3551,6468
10005053,2025SP,4053,907,3146
10005054,2025FA,5131,4589,542
10005055,2025FA,5397,2266,3131
10005055,2025SP,4798,5922,-1124
10005056,2025FA,8618,3983,4635
10005057,2025FA,5710,6453,-743
10005058,2025FA,6699,2169,4530
10005058,2025SP,6650,886,5764
10005059,2025FA,6115,3566,2549
10005060,2025FA,5160,4518,642
10005061,2025FA,5546,4248,1298
10005062,2025FA,5117,3034,2083
10005063,2025FA,4457,5133,-676
10005064,2025FA,4823,4601,222
10005064,2025SP,4680,5291,-611
10005065,2025FA,8801,3097,5704
10005066,2025FA,5203,2591,2612
10005066,2025SP,4522,4504,18
10005067,2025FA,5882,3994,1888
10005068,2025FA,4569,1019,3550
10005068,2025SP,5377,5461,-84
10005069,2025FA,5274,5572,-298
10005070,2025FA,11158,4813,6345
10005071,2025FA,4848,4914,-66
10005072,2025FA,4710,881,3829
10005073,2025FA,5178,5410,-232
10005073,2025SP,5244,2344,2900
10005074,2025FA,9220,5310,3910
10005075,2025FA,4851,3085,1766
10005075,2025SP,3458,3363,95
10005076,2025FA,8737,5412,3325
10005076,2025SP,5156,4030,1126
10005077,2025FA,4333,4611,-278
10005077,2025SP,6766,674,6092
10005078,2025FA,9253,5994,3259
10005079,2025FA,5017,5664,-647
10005080,2025FA,5628,1958,3670
10005081,2025FA,11239,2771,8468
10005082,2025FA,5774,6221,-447
10005083,2025FA,5943,2471,3472
10005084,2025FA,4818,4853,-35
10005084,2025SP,6003,6716,-713
10005085,2025FA,4907,3771,1136
10005086,2025FA,5443,2817,2626
10005087,2025FA,4888,4843,45
10005088,2025FA,4829,3516,1313
10005089,2025FA,8767,2383,6384
10005089,2025SP,7937,5930,2007
10005090,2025FA,7957,3893,4064
10005090,2025SP,5278,548,4730
10005091,2025FA,8727,3600,5127
10005091,2025SP,3375,1452,1923
10005092,2025FA,4742,4583,159
10005092,2025SP,5186,5464,-278
10005093,2025FA,5009,2862,2147
10005094,2025FA,4792,3823,969
10005094,2025SP,3982,822,3160
10005095,2025FA,5122,5374,-252
10005095,2025SP,3896,6949,-3053
10005096,2025FA,5520,5640,-120
10005097,2025FA,9378,2655,6723
10005098,2025FA,5356,2677,2679
10005098,2025SP,5449,3119,2330
10005099,2025FA,5512,1984,3528
10005099,2025SP,4945,1521,3424
10005100,2025FA,11289,1266,10023
10005101,2025FA,4856,2641,2215
10005102,2025FA,8659,1291,7368
10005103,2025FA,8758,3632,5126
10005103,2025SP,7510,1029,6481
10005104,2025FA,5704,3219,2485
10005104,2025SP,4338,5349,-1011
10005105,2025FA,5527,2099,3428
10005106,2025FA,4932,3494,1438
10005107,2025FA,9492,3469,6023
10005107,2025SP,4180,1615,2565
10005108,2025FA,12096,4863,7233
10005109,2025FA,7960,1924,6036
10005110,2025FA,7997,1866,6131
10005110,2025SP,4903,385,4518
10005111,2025FA,6305,4451,1854
10005112,2025FA,9967,1252,8715
10005113,2025FA,6150,3992,2158
10005113,2025SP,4118,2666,1452
10005114,2025FA,6207,5706,501
10005115,2025FA,5196,4040,1156
10005115,2025SP,7940,2844,5096
10005116,2025FA,6066,3695,2371
10005116,2025SP,9259,1540,7719
10005117,2025FA,4716,3592,1124
10005117,2025SP,7250,1733,5517
10005118,2025FA,11878,5774,6104
10005118,2025SP,4886,4276,610
10005119,2025FA,4731,2949,1782
10005120,2025FA,5549,3120,2429
10005121,2025FA,4435,1560,2875
10005121,2025SP,4479,4013,466
10005122,2025FA,4534,4460,74
10005123,2025FA,4537,2978,1559
10005124,2025FA,4695,3686,1009
10005124,2025SP,5254,2850,2404
10005125,2025FA,8643,1789,6854
10005125,2025SP,3749,3943,-194
10005126,2025FA,7996,6303,1693
10005127,2025FA,4883,2939,1944
10005127,2025SP,8062,7134,928
10005128,2025FA,4918,4439,479
10005129,2025FA,5010,557,4453
10005130,2025FA,6267,438,5829
10005131,2025FA,5099,1917,3182
10005132,2025FA,5183,2149,3034
10005132,2025SP,5257,3893,1364
10005133,2025FA,4595,6118,-1523
10005133,2025SP,3388,2303,1085
10005134,2025FA,6103,3615,2488
10005135,2025FA,5543,5952,-409
10005135,2025SP,4426,5383,-957
10005136,2025FA,5040,3948,1092
10005136,2025SP,6857,1227,5630
10005137,2025FA,5152,5815,-663
10005137,2025SP,8095,1426,6669
10005138,2025FA,5828,2275,3553
10005138,2025SP,4863,1851,3012
10005139,2025FA,4916,1436,3480
10005139,2025SP,3892,4066,-174
10005140,2025FA,5408,2932,2476
10005140,2025SP,4440,4207,233
10005141,2025FA,5530,3664,1866
10005142,2025FA,4538,3866,672
10005143,2025FA,5091,995,4096
10005144,2025FA,4815,1670,3145
10005145,2025FA,5890,5455,435
10005145,2025SP,7944,3643,4301
10005146,2025FA,5300,5255,45
10005146,2025SP,6041,1839,4202
10005147,2025FA,9361,5189,4172
10005147,2025SP,6889,2605,4284
10005148,2025FA,4494,7232,-2738
10005149,2025FA,4833,2466,2367
10005150,2025FA,4563,6066,-1503
10005151,2025FA,4750,4043,707
10005152,2025FA,8732,3074,5658
10005153,2025FA,5199,4284,915
10005154,2025FA,6449,5634,815
10005155,2025FA,4708,846,3862
10005156,2025FA,4490,6494,-2004
10005157,2025FA,4767,5488,-721
10005157,2025SP,4918,3344,1574
10005158,2025FA,8080,4136,3944
10005159,2025FA,4937,5188,-251
10005160,2025FA,6917,4918,1999
10005161,2025FA,9338,2613,6725
10005162,2025FA,6535,3510,3025
10005163,2025FA,5208,7544,-2336
10005163,2025SP,3808,6256,-2448
10005164,2025FA,4893,2664,2229
10005165,2025FA,4815,1366,3449
10005165,2025SP,3622,4084,-462
10005166,2025FA,8146,5365,2781
10005167,2025FA,6155,7189,-1034
10005167,2025SP,3499,5554,-2055
10005168,2025FA,5644,4082,1562
10005169,2025FA,6147,5701,446
10005170,2025FA,5898,2493,3405
10005171,2025FA,4733,695,4038
10005172,2025FA,4884,2698,2186
10005173,2025FA,9349,234,9115
10005173,2025SP,3627,874,2753
10005174,2025FA,5883,3178,2705
10005175,2025FA,5137,2551,2586
10005175,2025SP,5508,3632,1876
10005176,2025FA,8786,683,8103
10005177,2025FA,8750,4338,4412
10005178,2025FA,5489,375,5114
10005179,2025FA,7916,3485,4431
10005180,2025FA,5121,1564,3557
10005180,2025SP,4189,2941,1248
10005181,2025FA,5050,2929,2121
10005181,2025SP,9212,2879,6333
10005182,2025FA,9348,6389,2959
10005182,2025SP,3835,1676,2159
10005183,2025FA,9448,1962,7486
10005184,2025FA,6292,3973,2319
10005184,2025SP,4384,846,3538
10005185,2025FA,9216,2825,6391
10005185,2025SP,7533,2845,4688
10005186,2025FA,4552,4313,239
10005187,2025FA,5012,1152,3860
10005187,2025SP,4212,1460,2752
10005188,2025FA,6513,3881,2632
10005189,2025FA,5513,3420,2093
10005189,2025SP,3641,2218,1423
10005190,2025FA,8798,851,7947
10005190,2025SP,3666,4114,-448
10005191,2025FA,5280,3428,1852
10005192,2025FA,5502,1790,3712
10005193,2025FA,4880,3659,1221
10005193,2025SP,4174,4204,-30
10005194,2025FA,5111,5416,-305
10005194,2025SP,6647,1121,5526
10005195,2025FA,9303,5914,3389
10005196,2025FA,10721,2661,8060
10005197,2025FA,5717,3115,2602
10005198,2025FA,9473,4258,5215
10005198,2025SP,5039,3293,1746
10005199,2025FA,5449,6500,-1051
10005199,2025SP,4043,1615,2428
10005200,2025FA,5547,1634,3913
10005201,2025FA,9432,1643,7789
10005202,2025FA,4488,2670,1818
10005203,2025FA,4554,861,3693
10005204,2025FA,9205,2270,6935
10005205,2025FA,5371,4386,985
10005205,2025SP,4687,1147,3540
10005206,2025FA,4500,4492,8
10005206,2025SP,4858,6175,-1317
10005207,2025FA,12055,2353,9702
10005207,2025SP,10112,4466,5646
10005208,2025FA,4448,3081,1367
10005209,2025FA,8810,3575,5235
10005209,2025SP,4425,3210,1215
10005210,2025FA,6565,3026,3539
10005210,2025SP,4840,3508,1332
10005211,2025FA,4671,5108,-437
10005212,2025FA,5993,5577,416
10005213,2025FA,5253,2329,2924
10005214,2025FA,8688,4060,4628
10005214,2025SP,3709,409,3300
10005215,2025FA,10031,4442,5589
10005216,2025FA,4452,2447,2005
10005217,2025FA,5628,1735,3893
10005218,2025FA,5735,3330,2405
10005218,2025SP,6053,3207,2846
10005219,2025FA,5376,2557,2819
10005219,2025SP,4715,1430,3285
10005220,2025FA,5573,2144,3429
10005221,2025FA,5003,1249,3754
10005222,2025FA,4685,2984,1701
10005223,2025FA,4922,3760,1162
10005223,2025SP,4706,769,3937
10005224,2025FA,5900,1759,4141
10005225,2025FA,5997,4271,1726
10005226,2025FA,8692,2618,6074
10005226,2025SP,4505,3043,1462
10005227,2025FA,8771,2319,6452
10005228,2025FA,4935,794,4141
10005229,2025FA,6074,2428,3646
10005229,2025SP,4662,2920,1742
10005230,2025FA,6250,4613,1637
10005230,2025SP,4424,2957,1467
10005231,2025FA,5638,1144,4494
10005231,2025SP,5575,4016,1559
10005232,2025FA,6229,1854,4375
10005233,2025FA,5824,4501,1323
10005233,2025SP,6779,6465,314
10005234,2025FA,5399,3068,2331
10005234,2025SP,4764,3222,1542
10005235,2025FA,5964,4123,1841
10005236,2025FA,4433,3964,469
10005236,2025SP,3650,4035,-385
10005237,2025FA,8057,1825,6232
10005237,2025SP,4517,920,3597
10005238,2025FA,4691,2654,2037
10005238,2025SP,5207,2753,2454
10005239,2025FA,5039,2211,2828
10005239,2025SP,4830,824,4006
10005240,2025FA,11230,5634,5596
10005240,2025SP,5184,1647,3537
10005241,2025FA,5296,5833,-537
10005242,2025FA,4701,1374,3327
10005242,2025SP,3784,842,2942
10005243,2025FA,4740,3765,975
10005243,2025SP,8152,4296,3856
10005244,2025FA,8052,1655,6397
10005244,2025SP,6603,2416,4187
10005245,2025FA,10783,3675,7108
10005245,2025SP,7948,1415,6533
10005246,2025FA,4807,4007,800
10005246,2025SP,8812,3523,5289
10005247,2025FA,9404,3325,6079
10005247,2025SP,8679,1016,7663
10005248,2025FA,9997,2433,7564
10005248,2025SP,4350,3937,413
10005249,2025FA,4744,3262,1482
10005250,2025FA,9412,2596,6816
10005250,2025SP,4720,3406,1314
10005251,2025FA,4766,1112,3654
10005252,2025FA,9292,3751,5541
10005252,2025SP,4831,3101,1730
10005253,2025FA,5517,6710,-1193
10005254,2025FA,8140,4044,4096
10005254,2025SP,3291,320,2971
10005255,2025FA,4770,3636,1134
10005255,2025SP,7993,7882,111
10005256,2025FA,5102,1039,4063
10005257,2025FA,6055,2905,3150
10005257,2025SP,3652,1139,2513
10005258,2025FA,6601,1334,5267
10005258,2025SP,8166,3036,5130
10005259,2025FA,4773,2169,2604
10005260,2025FA,5870,1774,4096
10005261,2025FA,11399,491,10908
10005262,2025FA,10582,4645,5937
10005263,2025FA,6140,3718,2422
10005264,2025FA,10543,2932,7611
10005264,2025SP,3546,4145,-599
10005265,2025FA,5552,4018,1534
10005265,2025SP,3253,1829,1424
10005266,2025FA,5711,1526,4185
10005266,2025SP,7951,1427,6524
10005267,2025FA,4467,2594,1873
10005267,2025SP,3777,2996,781
10005268,2025FA,5839,681,5158
10005268,2025SP,3851,2264,1587
10005269,2025FA,5033,1906,3127
10005270,2025FA,5013,4468,545
10005271,2025FA,9894,3288,6606
10005272,2025FA,4679,3466,1213
10005272,2025SP,4353,489,3864
10005273,2025FA,5175,3860,1315
10005274,2025FA,8566,3038,5528
10005274,2025SP,7999,4833,3166
10005275,2025FA,5860,622,5238
10005275,2025SP,5271,5023,248
10005276,2025FA,6073,1688,4385
10005277,2025FA,8622,6609,2013
10005277,2025SP,4839,3750,1089
10005278,2025FA,6104,527,5577
10005278,2025SP,8053,6042,2011
10005279,2025FA,4311,5574,-1263
10005279,2025SP,4861,6804,-1943
10005280,2025FA,4541,5183,-642
10005281,2025FA,9992,936,9056
10005282,2025FA,4599,5090,-491
10005282,2025SP,5200,2297,2903
10005283,2025FA,8799,4527,4272
10005284,2025FA,10800,3786,7014
10005285,2025FA,4867,2572,2295
10005286,2025FA,6665,1928,4737
10005286,2025SP,4949,3171,1778
10005287,2025FA,8143,1241,6902
10005288,2025FA,5044,2950,2094
10005288,2025SP,3374,3422,-48
10005289,2025FA,4913,1852,3061
10005289,2025SP,6818,1811,5007
10005290,2025FA,4898,4650,248
10005290,2025SP,5289,3098,2191
10005291,2025FA,4788,5580,-792
10005292,2025FA,5024,2594,2430
10005292,2025SP,4458,6514,-2056
10005293,2025FA,8768,5649,3119
10005294,2025FA,6566,1983,4583
10005295,2025FA,4871,4841,30
10005296,2025FA,4390,465,3925
10005297,2025FA,4820,2506,2314
10005298,2025FA,6176,2053,4123
10005299,2025FA,9295,2063,7232
10005300,2025FA,6667,1371,5296
10005301,2025FA,6211,1703,4508
10005302,2025FA,8664,6456,2208
10005303,2025FA,11229,3522,7707
10005304,2025FA,4671,1069,3602
10005305,2025FA,4695,2082,2613
10005306,2025FA,4456,5296,-840
10005306,2025SP,4215,2063,2152
10005307,2025FA,8059,2121,5938
10005307,2025SP,5174,3695,1479
10005308,2025FA,6151,2890,3261
10005309,2025FA,5000,3680,1320
10005310,2025FA,6157,7663,-1506
10005311,2025FA,6613,1310,5303
10005311,2025SP,4791,2151,2640
10005312,2025FA,8127,2609,5518
10005312,2025SP,5228,6060,-832
10005313,2025FA,5415,4405,1010
10005314,2025FA,5405,3663,1742
10005314,2025SP,5080,2637,2443
10005315,2025FA,8779,6721,2058
10005315,2025SP,3839,1586,2253
10005316,2025FA,10552,4244,6308
10005316,2025SP,5525,3828,1697
10005317,2025FA,4947,4155,792
10005318,2025FA,9476,5515,3961
10005319,2025FA,10766,2764,8002
10005319,2025SP,3402,2319,1083
10005320,2025FA,7938,2679,5259
10005321,2025FA,4928,3270,1658
10005322,2025FA,9254,3406,5848
10005323,2025FA,9389,6322,3067
10005324,2025FA,4893,2547,2346
10005324,2025SP,4919,5708,-789
10005325,2025FA,4674,2365,2309
10005326,2025FA,4369,630,3739
10005327,2025FA,8092,2667,5425
10005327,2025SP,9303,4611,4692
10005328,2025FA,4873,6497,-1624
10005328,2025SP,3651,2053,1598
10005329,2025FA,12518,5905,6613
10005330,2025FA,6973,3558,3415
10005331,2025FA,5549,3113,2436
10005332,2025FA,5134,4982,152
10005333,2025FA,8841,2357,6484
10005334,2025FA,4419,1995,2424
10005335,2025FA,5020,5160,-140
10005335,2025SP,8579,4806,3773
10005336,2025FA,5894,3224,2670
10005337,2025FA,4397,467,3930
10005337,2025SP,6881,3078,3803
10005338,2025FA,6216,1998,4218
10005339,2025FA,5722,1083,4639
10005339,2025SP,4734,1528,3206
10005340,2025FA,8099,6141,1958
10005341,2025FA,5007,6073,-1066
10005342,2025FA,4483,2889,1594
10005342,2025SP,7979,2423,5556
10005343,2025FA,5518,2312,3206
10005344,2025FA,8556,1461,7095
10005344,2025SP,6105,683,5422
10005345,2025FA,5405,3833,1572
10005345,2025SP,5228,3204,2024
10005346,2025FA,5466,1594,3872
10005346,2025SP,9459,3704,5755
10005347,2025FA,5250,1676,3574
10005347,2025SP,4371,3018,1353
10005348,2025FA,5589,3848,1741
10005348,2025SP,8684,4278,4406
10005349,2025FA,9992,4208,5784
10005349,2025SP,6744,2971,3773
10005350,2025FA,4553,1696,2857
10005351,2025FA,9439,3313,6126
10005352,2025FA,6234,4856,1378
10005353,2025FA,5021,1361,3660
10005354,2025FA,10675,2302,8373
10005354,2025SP,6609,4146,2463
10005355,2025FA,6203,4201,2002
10005355,2025SP,6771,753,6018
10005356,2025FA,4803,3069,1734
10005357,2025FA,4451,1985,2466
10005357,2025SP,9274,3970,5304
10005358,2025FA,4414,1097,3317
10005358,2025SP,8612,2158,6454
10005359,2025FA,5996,3869,2127
10005360,2025FA,9336,2826,6510
10005361,2025FA,4692,5288,-596
10005361,2025SP,3336,2662,674
10005362,2025FA,5580,392,5188
10005363,2025FA,6542,6409,133
10005364,2025FA,4516,6316,-1800
10005365,2025FA,5369,2624,2745
10005365,2025SP,3823,1155,2668
10005366,2025FA,5762,4835,927
10005367,2025FA,6115,4779,1336
10005368,2025FA,6215,445,5770
10005368,2025SP,4551,3559,992
10005369,2025FA,5145,4974,171
10005369,2025SP,5244,5349,-105
10005370,2025FA,7904,6318,1586
10005371,2025FA,5420,6707,-1287
10005372,2025FA,4433,3383,1050
10005372,2025SP,4683,4101,582
10005373,2025FA,4696,754,3942
10005373,2025SP,9316,4921,4395
10005374,2025FA,4331,2885,1446
10005374,2025SP,3664,1353,2311
10005375,2025FA,6239,4960,1279
10005375,2025SP,5118,2384,2734
10005376,2025FA,8615,2629,5986
10005376,2025SP,6050,1773,4277
10005377,2025FA,4779,2987,1792
10005377,2025SP,8044,7612,432
10005378,2025FA,4500,4100,400
10005379,2025FA,5733,1497,4236
10005380,2025FA,6432,6450,-18
10005381,2025FA,10710,3051,7659
10005381,2025SP,4031,2980,1051
10005382,2025FA,4466,1918,2548
10005382,2025SP,4665,2682,1983
10005383,2025FA,5172,2309,2863
10005384,2025FA,4464,2320,2144
10005385,2025FA,11841,293,11548
10005385,2025SP,3648,2329,1319
10005386,2025FA,10757,2129,8628
10005386,2025SP,9324,575,8749
10005387,2025FA,5088,2916,2172
10005388,2025FA,5988,2804,3184
10005388,2025SP,6756,3323,3433
10005389,2025FA,4655,5420,-765
10005390,2025FA,4559,3508,1051
10005390,2025SP,3467,3055,412
10005391,2025FA,5227,1549,3678
10005391,2025SP,9288,3863,5425
10005392,2025FA,6435,4263,2172
10005392,2025SP,4350,1662,2688
10005393,2025FA,4526,4774,-248
10005393,2025SP,4681,4572,109
10005394,2025FA,9342,481,8861
10005395,2025FA,4667,6786,-2119
10005396,2025FA,5788,2683,3105
10005397,2025FA,6625,2960,3665
10005398,2025FA,10547,1463,9084
10005399,2025FA,4481,3329,1152
10005400,2025FA,10149,3804,6345
10005401,2025FA,4657,4359,298
10005401,2025SP,4707,3021,1686
10005402,2025FA,5645,4587,1058
10005402,2025SP,5074,3861,1213
10005403,2025FA,5935,5515,420
10005403,2025SP,4731,3263,1468
10005404,2025FA,4466,2497,1969
10005405,2025FA,5926,4160,1766
10005406,2025FA,4815,3893,922
10005406,2025SP,4895,6525,-1630
10005407,2025FA,5180,1922,3258
10005408,2025FA,5632,5319,313
10005409,2025FA,4950,4308,642
10005409,2025SP,5260,2937,2323
10005410,2025FA,11896,2592,9304
10005410,2025SP,7361,5653,1708
10005411,2025FA,4654,813,3841
10005411,2025SP,8041,3491,4550
10005412,2025FA,8051,2583,5468
10005412,2025SP,4889,1727,3162
10005413,2025FA,4437,4723,-286
10005413,2025SP,4433,3988,445
10005414,2025FA,4686,3114,1572
10005414,2025SP,4831,682,4149
10005415,2025FA,10729,2606,8123
10005416,2025FA,4582,1144,3438
10005417,2025FA,5022,3158,1864
10005418,2025FA,8007,4880,3127
10005419,2025FA,9418,1791,7627
10005420,2025FA,5124,4927,197
10005421,2025FA,5566,2915,2651
10005422,2025FA,5059,4722,337
10005423,2025FA,5784,3050,2734
10005424,2025FA,4457,1811,2646
10005425,2025FA,8183,2203,5980
10005426,2025FA,9994,3816,6178
10005427,2025FA,9224,4838,4386
10005428,2025FA,5454,3655,1799
10005429,2025FA,8042,2598,5444
10005430,2025FA,5749,5363,386
10005431,2025FA,6107,5506,601
10005432,2025FA,4884,702,4182
10005433,2025FA,4654,2860,1794
10005433,2025SP,5160,3380,1780
10005434,2025FA,5949,5139,810
10005435,2025FA,5481,5173,308
10005436,2025FA,8624,1858,6766
10005437,2025FA,4452,1665,2787
10005438,2025FA,4484,3082,1402
10005438,2025SP,8580,394,8186
10005439,2025FA,8066,7409,657
10005440,2025FA,4742,3997,745
10005440,2025SP,3480,3094,386
10005441,2025FA,6200,6217,-17
10005442,2025FA,4655,2487,2168
10005443,2025FA,5036,5680,-644
10005443,2025SP,5098,4498,600
10005444,2025FA,5133,1495,3638
10005444,2025SP,6249,1200,5049
10005445,2025FA,6473,4463,2010
10005446,2025FA,5023,4206,817
10005447,2025FA,10745,3487,7258
10005448,2025FA,5109,4365,744
10005449,2025FA,8782,3254,5528
10005450,2025FA,4548,3090,1458
10005450,2025SP,4670,1532,3138
10005451,2025FA,8007,4107,3900
10005452,2025FA,4585,1351,3234
10005452,2025SP,5145,4658,487
10005453,2025FA,10754,3339,7415
10005454,2025FA,4839,1755,3084
10005454,2025SP,6807,4391,2416
10005455,2025FA,9989,1125,8864
10005456,2025FA,4709,2665,2044
10005457,2025FA,5238,816,4422
10005458,2025FA,9240,1406,7834
10005459,2025FA,9254,4399,4855
10005460,2025FA,6221,4874,1347
10005461,2025FA,4593,3921,672
10005462,2025FA,10556,7401,3155
10005463,2025FA,5582,2067,3515
10005464,2025FA,4448,1439,3009
10005464,2025SP,3977,2860,1117
10005465,2025FA,4943,1118,3825
10005466,2025FA,11407,5630,5777
10005467,2025FA,4432,2573,1859
10005467,2025SP,9494,6875,2619
10005468,2025FA,4447,4460,-13
10005469,2025FA,10522,6268,4254
10005469,2025SP,3705,3892,-187
10005470,2025FA,4922,5359,-437
10005470,2025SP,3882,5737,-1855
10005471,2025FA,4471,1128,3343
10005472,2025FA,4733,4664,69
10005473,2025FA,4834,2885,1949
10005473,2025SP,7509,2881,4628
10005474,2025FA,5164,3599,1565
10005474,2025SP,5189,2161,3028
10005475,2025FA,6097,4296,1801
10005476,2025FA,10705,2764,7941
10005477,2025FA,5224,4186,1038
10005478,2025FA,6312,5387,925
10005479,2025FA,6205,3655,2550
10005479,2025SP,3894,1971,1923
10005480,2025FA,4684,1217,3467
10005481,2025FA,5227,1731,3496
10005482,2025FA,9334,4001,5333
10005483,2025FA,5752,4595,1157
10005484,2025FA,5194,4623,571
10005485,2025FA,9329,3470,5859
10005485,2025SP,5454,4654,800
10005486,2025FA,4357,1956,2401
10005487,2025FA,11386,4404,6982
10005488,2025FA,5232,5451,-219
10005488,2025SP,4489,586,3903
10005489,2025FA,6322,2460,3862
10005489,2025SP,4658,4028,630
10005490,2025FA,4687,6009,-1322
10005491,2025FA,10080,4357,5723
10005491,2025SP,9481,2316,7165
10005492,2025FA,10090,398,9692
10005492,2025SP,4190,6853,-2663
10005493,2025FA,4890,2877,2013
10005493,2025SP,3272,3124,148
10005494,2025FA,4454,5539,-1085
10005494,2025SP,4416,1693,2723
10005495,2025FA,4495,3112,1383
10005496,2025FA,6257,3940,2317
10005496,2025SP,5106,3619,1487
10005497,2025FA,4754,420,4334
10005498,2025FA,9331,6600,2731
10005498,2025SP,5629,1658,3971
10005499,2025FA,8749,3892,4857
10005499,2025SP,4342,3797,545
10005500,2025FA,4865,1958,2907
10005501,2025FA,11410,3164,8246
10005502,2025FA,4935,2050,2885
10005503,2025FA,8081,2722,5359
10005504,2025FA,5248,2373,2875
10005505,2025FA,5840,2690,3150
10005506,2025FA,6187,751,5436
10005507,2025FA,5829,3134,2695
10005507,2025SP,8646,5753,2893
10005508,2025FA,4834,3764,1070
10005509,2025FA,5793,2523,3270
10005510,2025FA,8188,3784,4404
10005510,2025SP,6133,6781,-648
10005511,2025FA,4762,2475,2287
10005512,2025FA,5081,3677,1404
10005513,2025FA,4370,5950,-1580
10005514,2025FA,8795,4727,4068
10005515,2025FA,9413,4101,5312
10005515,2025SP,3846,4462,-616
10005516,2025FA,9397,5152,4245
10005517,2025FA,6269,3483,2786
10005518,2025FA,6496,4469,2027
10005519,2025FA,4910,2324,2586
10005520,2025FA,10121,3723,6398
10005520,2025SP,3347,5785,-2438
10005521,2025FA,5103,3639,1464
10005521,2025SP,3631,4633,-1002
10005522,2025FA,11334,4837,6497
10005523,2025FA,5515,3992,1523
10005523,2025SP,8726,2387,6339
10005524,2025FA,4437,6112,-1675
10005525,2025FA,4479,4144,335
10005526,2025FA,8570,3545,5025
10005526,2025SP,4521,5601,-1080
10005527,2025FA,4676,3600,1076
10005528,2025FA,6174,4810,1364
10005528,2025SP,4809,1929,2880
10005529,2025FA,5067,1422,3645
10005529,2025SP,9466,1411,8055
10005530,2025FA,8066,6668,1398
10005531,2025FA,6053,3276,2777
10005532,2025FA,4740,6992,-2252
10005532,2025SP,8622,3087,5535
10005533,2025FA,4929,1251,3678
10005534,2025FA,8110,3966,4144
10005534,2025SP,6059,3410,2649
10005535,2025FA,10705,2033,8672
10005536,2025FA,8805,4166,4639
10005536,2025SP,4090,7130,-3040
10005537,2025FA,5190,2437,2753
10005538,2025FA,6070,5397,673
10005539,2025FA,5915,2863,3052
10005540,2025FA,8140,4688,3452
10005541,2025FA,6086,2374,3712
10005542,2025FA,4934,6975,-2041
10005543,2025FA,8145,1489,6656
10005544,2025FA,9852,3886,5966
10005544,2025SP,7327,3553,3774
10005545,2025FA,8840,2104,6736
10005546,2025FA,8599,5961,2638
10005547,2025FA,9481,4244,5237
10005548,2025FA,10633,1663,8970
10005549,2025FA,7981,4155,3826
10005550,2025FA,10719,3943,6776
10005550,2025SP,4707,1334,3373
10005551,2025FA,8570,6213,2357
10005552,2025FA,5270,2662,2608
10005552,2025SP,4186,4699,-513
10005553,2025FA,5230,4798,432
10005554,2025FA,8613,4304,4309
10005554,2025SP,5556,4485,1071
10005555,2025FA,6062,4241,1821
10005555,2025SP,8142,2005,6137
10005556,2025FA,4904,1628,3276
10005556,2025SP,3382,4309,-927
10005557,2025FA,5894,3118,2776
10005557,2025SP,3670,1292,2378
10005558,2025FA,9266,4668,4598
10005559,2025FA,4937,256,4681
10005559,2025SP,8810,3897,4913
10005560,2025FA,10116,4825,5291
10005561,2025FA,9213,2990,6223
10005562,2025FA,4753,2311,2442
10005563,2025FA,5441,2809,2632
10005563,2025SP,5173,2899,2274
10005564,2025FA,4671,2753,1918
10005565,2025FA,9291,3545,5746
10005566,2025FA,4889,4832,57
10005567,2025FA,4751,1773,2978
10005567,2025SP,5104,3114,1990
10005568,2025FA,4303,2126,2177
10005569,2025FA,6274,2288,3986
10005570,2025FA,5485,3244,2241
10005571,2025FA,5148,4766,382
10005572,2025FA,8614,2413,6201
10005572,2025SP,8028,6084,1944
10005573,2025FA,9469,366,9103
10005574,2025FA,10580,3410,7170
10005574,2025SP,4887,1913,2974
10005575,2025FA,9210,2826,6384
10005575,2025SP,3813,5456,-1643
10005576,2025FA,8167,6517,1650
10005577,2025FA,9466,5112,4354
10005577,2025SP,5141,5111,30
10005578,2025FA,5119,5570,-451
10005578,2025SP,5073,1314,3759
10005579,2025FA,5801,5356,445
10005580,2025FA,6486,1633,4853
10005581,2025FA,10605,2890,7715
10005581,2025SP,4700,2090,2610
10005582,2025FA,4679,3357,1322
10005583,2025FA,11384,5657,5727
10005584,2025FA,5750,1530,4220
10005585,2025FA,9934,403,9531
10005586,2025FA,5384,3439,1945
10005586,2025SP,4546,3334,1212
10005587,2025FA,5991,2366,3625
10005587,2025SP,3815,2538,1277
10005588,2025FA,4321,3959,362
10005589,2025FA,4537,2314,2223
10005590,2025FA,4391,1689,2702
10005591,2025FA,7974,1772,6202
10005592,2025FA,7962,2523,5439
10005593,2025FA,5880,5906,-26
10005593,2025SP,4700,3271,1429
10005594,2025FA,5257,2595,2662
10005595,2025FA,4895,4018,877
10005595,2025SP,3956,5519,-1563
10005596,2025FA,10624,1301,9323
10005596,2025SP,4873,5259,-386
10005597,2025FA,4945,998,3947
10005597,2025SP,5010,2515,2495
10005598,2025FA,9425,4015,5410
10005599,2025FA,5919,1172,4747
10005600,2025FA,5454,2993,2461
10005601,2025FA,11181,2962,8219
10005601,2025SP,4490,3183,1307
10005602,2025FA,4695,558,4137
10005602,2025SP,5175,1917,3258
10005603,2025FA,5872,2644,3228
10005604,2025FA,10639,2313,8326
10005605,2025FA,8668,4506,4162
10005606,2025FA,5004,2458,2546
10005606,2025SP,4399,3707,692
10005607,2025FA,5764,2178,3586
10005607,2025SP,6602,2099,4503
10005608,2025FA,9494,1048,8446
10005608,2025SP,3401,5677,-2276
10005609,2025FA,10557,3296,7261
10005610,2025FA,4832,5421,-589
10005611,2025FA,6258,2835,3423
10005612,2025FA,5433,4740,693
10005613,2025FA,4449,5635,-1186
10005614,2025FA,6275,6725,-450
10005614,2025SP,7917,2738,5179
10005615,2025FA,4891,3993,898
10005616,2025FA,9976,1753,8223
10005617,2025FA,9269,1805,7464
10005617,2025SP,5272,3539,1733
10005618,2025FA,4704,5780,-1076
10005619,2025FA,5189,1985,3204
10005619,2025SP,6156,2862,3294
10005620,2025FA,6212,1777,4435
10005621,2025FA,12040,5922,6118
10005622,2025FA,7918,1116,6802
10005623,2025FA,5864,1579,4285
10005623,2025SP,3806,7325,-3519
10005624,2025FA,8139,3048,5091
10005625,2025FA,6311,2562,3749
10005625,2025SP,4884,4739,145
10005626,2025FA,4300,4001,299
10005627,2025FA,4683,4072,611
10005627,2025SP,7967,4829,3138
10005628,2025FA,4804,5088,-284
10005628,2025SP,6838,3675,3163
10005629,2025FA,4815,2734,2081
10005629,2025SP,5001,3522,1479
10005630,2025FA,9449,421,9028
10005631,2025FA,5077,6600,-1523
10005632,2025FA,9202,3288,5914
10005632,2025SP,5012,1782,3230
10005633,2025FA,11443,3437,8006
10005633,2025SP,4316,3795,521
10005634,2025FA,10573,3525,7048
10005634,2025SP,4589,4949,-360
10005635,2025FA,6161,3211,2950
10005636,2025FA,5401,5281,120
10005637,2025FA,8087,7012,1075
10005638,2025FA,4595,3291,1304
10005639,2025FA,4661,1135,3526
10005639,2025SP,6844,4265,2579
10005640,2025FA,6109,6859,-750
10005641,2025FA,9221,1845,7376
10005642,2025FA,4558,3554,1004
10005642,2025SP,8689,5031,3658
10005643,2025FA,4924,4269,655
10005643,2025SP,5223,938,4285
10005644,2025FA,6123,1610,4513
10005644,2025SP,6887,4443,2444
10005645,2025FA,5036,4034,1002
10005645,2025SP,3685,3335,350
10005646,2025FA,5203,2609,2594
10005647,2025FA,12069,858,11211
10005648,2025FA,11935,422,11513
10005648,2025SP,3440,2660,780
10005649,2025FA,10141,868,9273
10005649,2025SP,4546,4639,-93
10005650,2025FA,5145,3345,1800
10005650,2025SP,4064,1713,2351
10005651,2025FA,9291,4081,5210
10005652,2025FA,5784,4701,1083
10005653,2025FA,8759,3157,5602
10005654,2025FA,5926,2089,3837
10005654,2025SP,4157,6367,-2210
10005655,2025FA,5860,4431,1429
10005656,2025FA,9404,3674,5730
10005656,2025SP,3752,5147,-1395
10005657,2025FA,11998,1825,10173
10005658,2025FA,5549,3675,1874
10005659,2025FA,4887,2857,2030
10005660,2025FA,5008,1797,3211
10005661,2025FA,5852,481,5371
10005662,2025FA,5143,4702,441
10005662,2025SP,3263,4650,-1387
10005663,2025FA,11343,4729,6614
10005664,2025FA,9216,3539,5677
10005664,2025SP,8733,4845,3888
10005665,2025FA,4936,3888,1048
10005665,2025SP,3800,5000,-1200
10005666,2025FA,8633,2632,6001
10005667,2025FA,5447,5179,268
10005667,2025SP,4116,2793,1323
10005668,2025FA,4826,5712,-886
10005668,2025SP,4739,5598,-859
10005669,2025FA,7992,3169,4823
10005669,2025SP,3519,6044,-2525
10005670,2025FA,10042,4038,6004
10005670,2025SP,3473,4408,-935
10005671,2025FA,8651,5213,3438
10005672,2025FA,6247,7114,-867
10005673,2025FA,4392,6045,-1653
10005673,2025SP,4343,722,3621
10005674,2025FA,4791,4959,-168
10005675,2025FA,8166,279,7887
10005676,2025FA,8176,4608,3568
10005677,2025FA,6263,3431,2832
10005677,2025SP,5495,642,4853
10005678,2025FA,5040,4429,611
10005679,2025FA,5055,2916,2139
10005680,2025FA,8610,5951,2659
10005680,2025SP,3711,5005,-1294
10005681,2025FA,4439,3459,980
10005681,2025SP,7922,391,7531
10005682,2025FA,4443,4809,-366
10005683,2025FA,10594,4328,6266
10005683,2025SP,3687,2375,1312
10005684,2025FA,5997,2830,3167
10005685,2025FA,9410,5150,4260
10005685,2025SP,3900,4236,-336
10005686,2025FA,4300,3079,1221
10005687,2025FA,9370,3094,6276
10005687,2025SP,3712,7788,-4076
10005688,2025FA,7989,5631,2358
10005688,2025SP,4730,4566,164
10005689,2025FA,5847,2646,3201
10005689,2025SP,4205,5271,-1066
10005690,2025FA,4851,5179,-328
10005690,2025SP,3976,2699,1277
10005691,2025FA,9435,3699,5736
10005691,2025SP,8707,4545,4162
10005692,2025FA,4851,5745,-894
10005693,2025FA,6310,3089,3221
10005694,2025FA,4352,4179,173
10005695,2025FA,4948,5031,-83
10005696,2025FA,6405,4841,1564
10005697,2025FA,4730,3267,1463
10005697,2025SP,5432,3374,2058
10005698,2025FA,6681,5295,1386
10005698,2025SP,5288,1230,4058
10005699,2025FA,6295,3487,2808
10005700,2025FA,8077,3853,4224
10005701,2025FA,4832,2841,1991
10005701,2025SP,6050,2932,3118
10005702,2025FA,4941,1553,3388
10005702,2025SP,6113,3545,2568
10005703,2025FA,4711,5860,-1149
10005704,2025FA,11975,5395,6580
10005704,2025SP,3690,4359,-669
10005705,2025FA,6081,4824,1257
10005706,2025FA,9288,6759,2529
10005707,2025FA,6104,3155,2949
10005708,2025FA,4325,4218,107
10005709,2025FA,4949,1326,3623
10005710,2025FA,4461,7117,-2656
10005711,2025FA,10777,4629,6148
10005712,2025FA,4384,4889,-505
10005712,2025SP,3781,6966,-3185
10005713,2025FA,4855,2756,2099
10005714,2025FA,5765,2117,3648
10005715,2025FA,4600,2859,1741
10005715,2025SP,3872,2674,1198
10005716,2025FA,5525,1130,4395
10005717,2025FA,5918,5049,869
10005717,2025SP,3877,4217,-340
10005718,2025FA,4949,4558,391
10005719,2025FA,8792,1366,7426
10005720,2025FA,10714,1585,9129
10005721,2025FA,4830,2464,2366
10005721,2025SP,4701,2221,2480
10005722,2025FA,5888,1576,4312
10005723,2025FA,5634,2537,3097
10005724,2025FA,10736,5393,5343
10005724,2025SP,7482,3175,4307
10005725,2025FA,8130,7002,1128
10005725,2025SP,4217,3914,303
10005726,2025FA,5523,4782,741
10005727,2025FA,9305,2136,7169
10005727,2025SP,3309,4989,-1680
10005728,2025FA,10516,6055,4461
10005729,2025FA,6240,4029,2211
10005729,2025SP,8195,3810,4385
10005730,2025FA,5844,1699,4145
10005730,2025SP,6051,3274,2777
10005731,2025FA,5889,3682,2207
10005732,2025FA,4898,1926,2972
10005733,2025FA,5586,5512,74
10005733,2025SP,4381,2707,1674
10005734,2025FA,6867,4407,2460
10005735,2025FA,5101,4857,244
10005736,2025FA,8780,1207,7573
10005737,2025FA,4850,2365,2485
10005737,2025SP,3679,2096,1583
10005738,2025FA,4908,2636,2272
10005738,2025SP,3726,984,2742
10005739,2025FA,9990,6289,3701
10005740,2025FA,5915,2680,3235
10005740,2025SP,5218,3288,1930
10005741,2025FA,5031,6092,-1061
10005741,2025SP,8715,1843,6872
10005742,2025FA,8566,4413,4153
10005742,2025SP,3388,1155,2233
10005743,2025FA,10074,5460,4614
10005744,2025FA,5012,497,4515
10005744,2025SP,3747,4421,-674
10005745,2025FA,4485,888,3597
10005746,2025FA,5820,5295,525
10005746,2025SP,3500,5161,-1661
10005747,2025FA,10660,4689,5971
10005747,2025SP,3467,3450,17
10005748,2025FA,11296,4011,7285
10005749,2025FA,11328,772,10556
10005750,2025FA,5997,4820,1177
10005751,2025FA,5595,4634,961
10005752,2025FA,10027,2489,7538
10005752,2025SP,4849,936,3913
10005753,2025FA,4752,2756,1996
10005754,2025FA,5584,1793,3791
10005754,2025SP,6763,2966,3797
10005755,2025FA,5891,3267,2624
10005755,2025SP,3461,4962,-1501
10005756,2025FA,8790,3839,4951
10005756,2025SP,8758,5209,3549
10005757,2025FA,11364,1685,9679
10005758,2025FA,4306,3807,499
10005759,2025FA,5137,4091,1046
10005759,2025SP,7911,4487,3424
10005760,2025FA,11898,2663,9235
10005761,2025FA,5277,3178,2099
10005762,2025FA,5091,3076,2015
10005763,2025FA,5207,1714,3493
10005764,2025FA,9991,4582,5409
10005765,2025FA,5038,4262,776
10005766,2025FA,5779,2353,3426
10005766,2025SP,6227,3371,2856
10005767,2025FA,4916,2748,2168
10005768,2025FA,7912,784,7128
10005768,2025SP,3650,2915,735
10005769,2025FA,4358,2306,2052
10005770,2025FA,6689,1275,5414
10005771,2025FA,4440,2062,2378
10005771,2025SP,3859,3938,-79
10005772,2025FA,6694,4890,1804
10005773,2025FA,4863,4411,452
10005773,2025SP,3519,2944,575
10005774,2025FA,4739,700,4039
10005775,2025FA,4530,5130,-600
10005775,2025SP,8789,3918,4871
10005776,2025FA,6336,4617,1719
10005777,2025FA,6198,4788,1410
10005778,2025FA,5050,4206,844
10005778,2025SP,3759,1961,1798
10005779,2025FA,8029,4753,3276
10005780,2025FA,6281,3714,2567
10005781,2025FA,4681,4924,-243
10005782,2025FA,8597,1237,7360
10005783,2025FA,6589,3619,2970
10005784,2025FA,6173,5530,643
10005784,2025SP,5995,4405,1590
10005785,2025FA,4739,2249,2490
10005785,2025SP,4116,3676,440
10005786,2025FA,5646,3358,2288
10005787,2025FA,5779,3856,1923
10005787,2025SP,8668,206,8462
10005788,2025FA,4845,4011,834
10005789,2025FA,4592,4874,-282
10005790,2025FA,5414,2068,3346
10005790,2025SP,6737,1470,5267
10005791,2025FA,4793,1475,3318
10005791,2025SP,6691,1164,5527
10005792,2025FA,8665,3154,5511
10005793,2025FA,5525,4541,984
10005794,2025FA,4311,1053,3258
10005795,2025FA,4673,2553,2120
10005796,2025FA,12703,4386,8317
10005797,2025FA,4944,5688,-744
10005797,2025SP,4009,2429,1580
10005798,2025FA,4498,2117,2381
10005798,2025SP,5609,3452,2157
10005799,2025FA,4403,5229,-826
10005800,2025FA,11857,4153,7704
10005801,2025FA,5377,3552,1825
10005802,2025FA,6215,3243,2972
10005803,2025FA,4899,7671,-2772
10005803,2025SP,3893,4005,-112
10005804,2025FA,8146,1430,6716
10005804,2025SP,3755,2672,1083
10005805,2025FA,11440,4175,7265
10005805,2025SP,3529,4154,-625
10005806,2025FA,4525,4654,-129
10005807,2025FA,4797,3724,1073
10005808,2025FA,4559,450,4109
10005809,2025FA,8617,4996,3621
10005810,2025FA,4894,1904,2990
10005810,2025SP,4787,1731,3056
10005811,2025FA,6300,3485,2815
10005811,2025SP,3977,944,3033
10005812,2025FA,4656,2512,2144
10005813,2025FA,4691,4287,404
10005813,2025SP,4037,926,3111
10005814,2025FA,4831,2639,2192
10005814,2025SP,7986,5261,2725
10005815,2025FA,5702,2093,3609
10005816,2025FA,4432,1323,3109
10005817,2025FA,5012,4559,453
10005818,2025FA,9264,639,8625
10005819,2025FA,5073,6097,-1024
10005819,2025SP,8635,1948,6687
10005820,2025FA,6161,5773,388
10005821,2025FA,5529,3054,2475
10005822,2025FA,4880,2632,2248
10005822,2025SP,6832,1069,5763
10005823,2025FA,4942,1443,3499
10005823,2025SP,3715,4153,-438
10005824,2025FA,9406,2555,6851
10005825,2025FA,4666,4263,403
10005825,2025SP,7285,2811,4474
10005826,2025FA,4704,2338,2366
10005827,2025FA,4860,3358,1502
10005827,2025SP,4837,2275,2562
10005828,2025FA,5442,1702,3740
10005828,2025SP,3506,3828,-322
10005829,2025FA,5057,2629,2428
10005829,2025SP,3453,2718,735
10005830,2025FA,4716,3204,1512
10005830,2025SP,9377,5843,3534
10005831,2025FA,5917,3955,1962
10005831,2025SP,3816,2926,890
10005832,2025FA,8029,7664,365
10005832,2025SP,4774,5842,-1068
10005833,2025FA,8009,2416,5593
10005833,2025SP,10095,1093,9002
10005834,2025FA,5300,3565,1735
10005834,2025SP,3634,1494,2140
10005835,2025FA,5932,2907,3025
10005835,2025SP,4381,3911,470
10005836,2025FA,5209,3391,1818
10005836,2025SP,9407,2562,6845
10005837,2025FA,4880,4197,683
10005837,2025SP,6618,2156,4462
10005838,2025FA,11318,2240,9078
10005838,2025SP,3729,1427,2302
10005839,2025FA,5084,1890,3194
10005839,2025SP,7547,3812,3735
10005840,2025FA,5053,2668,2385
10005840,2025SP,8032,4746,3286
10005841,2025FA,5237,1488,3749
10005842,2025FA,4575,6332,-1757
10005842,2025SP,6010,3527,2483
10005843,2025FA,5777,7148,-1371
10005844,2025FA,11895,3319,8576
10005844,2025SP,4811,5162,-351
10005845,2025FA,4534,6873,-2339
10005845,2025SP,3363,1785,1578
10005846,2025FA,5241,5695,-454
10005847,2025FA,4922,1949,2973
10005848,2025FA,6124,4948,1176
10005849,2025FA,5971,6181,-210
10005850,2025FA,9264,3722,5542
10005851,2025FA,5154,4543,611
10005852,2025FA,5485,3833,1652
10005852,2025SP,4794,6177,-1383
10005853,2025FA,11178,2677,8501
10005854,2025FA,5978,1019,4959
10005855,2025FA,4652,4639,13
10005855,2025SP,3320,1196,2124
10005856,2025FA,5915,1145,4770
10005856,2025SP,3883,2152,1731
10005857,2025FA,4470,2392,2078
10005858,2025FA,5481,4286,1195
10005859,2025FA,6056,4253,1803
10005859,2025SP,5502,2678,2824
10005860,2025FA,5799,2656,3143
10005860,2025SP,4884,4009,875
10005861,2025FA,10740,2272,8468
10005861,2025SP,5426,2391,3035
10005862,2025FA,5994,4192,1802
10005862,2025SP,9252,4347,4905
10005863,2025FA,6417,4163,2254
10005864,2025FA,8733,2637,6096
10005864,2025SP,3544,3875,-331
10005865,2025FA,4912,1864,3048
10005866,2025FA,5056,4328,728
10005867,2025FA,9886,1087,8799
10005868,2025FA,4653,3548,1105
10005869,2025FA,8105,2843,5262
10005869,2025SP,8681,2627,6054
10005870,2025FA,10634,2182,8452
10005871,2025FA,10596,1305,9291
10005872,2025FA,8053,5367,2686
10005873,2025FA,4755,3017,1738
10005873,2025SP,3474,5256,-1782
10005874,2025FA,4933,3633,1300
10005875,2025FA,4771,5800,-1029
10005875,2025SP,8042,3995,4047
10005876,2025FA,6223,2412,3811
10005877,2025FA,11226,3923,7303
10005877,2025SP,5286,6434,-1148
10005878,2025FA,8744,4292,4452
10005878,2025SP,5646,5501,145
10005879,2025FA,8689,3367,5322
10005880,2025FA,5297,3799,1498
10005881,2025FA,6530,2562,3968
10005882,2025FA,4795,2177,2618
10005882,2025SP,4818,2286,2532
10005883,2025FA,4598,4916,-318
10005884,2025FA,5186,4619,567
10005884,2025SP,6607,2626,3981
10005885,2025FA,6635,704,5931
10005885,2025SP,7536,1887,5649
10005886,2025FA,8007,2963,5044
10005887,2025FA,9346,3516,5830
10005888,2025FA,5179,5127,52
10005888,2025SP,3950,2498,1452
10005889,2025FA,10556,4008,6548
10005889,2025SP,8574,6243,2331
10005890,2025FA,5256,3405,1851
10005890,2025SP,4782,2838,1944
10005891,2025FA,6280,4568,1712
10005892,2025FA,4822,1429,3393
10005893,2025FA,11916,1858,10058
10005894,2025FA,7992,3018,4974
10005895,2025FA,4902,1607,3295
10005896,2025FA,9343,2925,6418
10005896,2025SP,6700,2180,4520
10005897,2025FA,8577,2463,6114
10005897,2025SP,3950,2726,1224
10005898,2025FA,5417,5756,-339
10005898,2025SP,4466,1649,2817
10005899,2025FA,4834,3300,1534
10005899,2025SP,3815,5553,-1738
10005900,2025FA,11375,2933,8442
10005901,2025FA,9399,1374,8025
10005902,2025FA,5971,2838,3133
10005903,2025FA,10691,5335,5356
10005904,2025FA,4801,2749,2052
10005905,2025FA,5884,2474,3410
10005906,2025FA,5700,7829,-2129
10005907,2025FA,8652,477,8175
10005907,2025SP,3988,2622,1366
10005908,2025FA,5160,3927,1233
10005909,2025FA,4896,3800,1096
10005910,2025FA,4468,4185,283
10005911,2025FA,4321,4564,-243
10005911,2025SP,3358,6042,-2684
10005912,2025FA,12028,2030,9998
10005912,2025SP,4889,1699,3190
10005913,2025FA,6295,383,5912
10005914,2025FA,6239,4343,1896
10005915,2025FA,10757,2597,8160
10005916,2025FA,4354,3786,568
10005917,2025FA,4685,2150,2535
10005918,2025FA,5551,3301,2250
10005919,2025FA,4847,4738,109
10005919,2025SP,4748,5150,-402
10005920,2025FA,5395,3563,1832
10005921,2025FA,4492,5675,-1183
10005922,2025FA,6536,4224,2312
10005923,2025FA,10678,299,10379
10005923,2025SP,4542,4428,114
10005924,2025FA,5262,1978,3284
10005924,2025SP,8560,3760,4800
10005925,2025FA,4438,1222,3216
10005926,2025FA,4893,3719,1174
10005927,2025FA,9493,1874,7619
10005928,2025FA,5410,1767,3643
10005928,2025SP,6151,5888,263
10005929,2025FA,9422,6362,3060
10005930,2025FA,10734,3669,7065
10005930,2025SP,5063,5532,-469
10005931,2025FA,5447,4700,747
10005931,2025SP,3625,3869,-244
10005932,2025FA,10018,5134,4884
10005933,2025FA,8570,2633,5937
10005933,2025SP,4142,1731,2411
10005934,2025FA,4478,2383,2095
10005935,2025FA,4675,2281,2394
10005936,2025FA,4946,2559,2387
10005937,2025FA,11180,3246,7934
10005938,2025FA,4791,3630,1161
10005939,2025FA,6336,1649,4687
10005940,2025FA,9208,1510,7698
10005940,2025SP,4309,4757,-448
10005941,2025FA,4460,1353,3107
10005941,2025SP,9380,5144,4236
10005942,2025FA,11388,5314,6074
10005943,2025FA,11257,3093,8164
10005944,2025FA,6267,5771,496
10005945,2025FA,4864,1806,3058
10005945,2025SP,4808,2653,2155
10005946,2025FA,10711,1846,8865
10005947,2025FA,5980,2180,3800
10005948,2025FA,6084,2826,3258
10005948,2025SP,5013,1659,3354
10005949,2025FA,4793,1886,2907
10005950,2025FA,5257,4713,544
10005950,2025SP,8165,2773,5392
10005951,2025FA,8114,2387,5727
10005952,2025FA,12060,2207,9853
10005953,2025FA,10005,5075,4930
10005953,2025SP,9318,4443,4875
10005954,2025FA,4791,4493,298
10005955,2025FA,4896,2333,2563
10005955,2025SP,6022,214,5808
10005956,2025FA,5848,816,5032
10005956,2025SP,3497,3553,-56
10005957,2025FA,5000,5643,-643
10005958,2025FA,5171,4023,1148
10005959,2025FA,4529,2867,1662
10005959,2025SP,5630,4369,1261
10005960,2025FA,6334,580,5754
10005961,2025FA,4941,1294,3647
10005962,2025FA,4771,2205,2566
10005963,2025FA,5021,4463,558
10005963,2025SP,4853,4808,45
10005964,2025FA,11358,3019,8339
10005965,2025FA,5050,2720,2330
10005966,2025FA,5187,5668,-481
10005966,2025SP,7291,3144,4147
10005967,2025FA,5830,3188,2642
10005967,2025SP,4676,3179,1497
10005968,2025FA,6269,2932,3337
10005968,2025SP,3750,3241,509
10005969,2025FA,9299,1887,7412
10005969,2025SP,4514,3362,1152
10005970,2025FA,4666,1924,2742
10005971,2025FA,8609,4341,4268
10005972,2025FA,6258,4978,1280
10005972,2025SP,3721,3377,344
10005973,2025FA,10748,2693,8055
10005974,2025FA,4726,3751,975
10005975,2025FA,4672,4481,191
10005976,2025FA,8034,1262,6772
10005977,2025FA,9973,1714,8259
10005978,2025FA,5149,1699,3450
10005979,2025FA,10082,1784,8298
10005979,2025SP,8636,4681,3955
10005980,2025FA,4309,2374,1935
10005980,2025SP,4784,6237,-1453
10005981,2025FA,4722,1756,2966
10005982,2025FA,9971,4690,5281
10005982,2025SP,5514,4616,898
10005983,2025FA,4659,3340,1319
10005984,2025FA,4349,3147,1202
10005984,2025SP,5816,2367,3449
10005985,2025FA,6690,6818,-128
10005986,2025FA,10004,6652,3352
10005987,2025FA,9277,1701,7576
10005988,2025FA,5118,6181,-1063
10005989,2025FA,7999,3008,4991
10005989,2025SP,3277,3253,24
10005990,2025FA,8797,1716,7081
10005990,2025SP,3265,1000,2265
10005991,2025FA,4377,7010,-2633
10005992,2025FA,9975,1537,8438
10005993,2025FA,4547,3591,956
10005993,2025SP,8621,4906,3715
10005994,2025FA,4345,281,4064
10005995,2025FA,5775,1948,3827
10005996,2025FA,5045,910,4135
10005997,2025FA,5765,845,4920
10005998,2025FA,8628,5984,2644
10005998,2025SP,3626,2506,1120
10005999,2025FA,6072,3849,2223
10006000,2025FA,5701,2573,3128
10006001,2025FA,4384,1292,3092
10006001,2025SP,3545,4542,-997
10006002,2025FA,5444,3657,1787
10006003,2025FA,9302,4127,5175
10006003,2025SP,4819,617,4202
10006004,2025FA,4670,6371,-1701
10006004,2025SP,4694,6109,-1415
10006005,2025FA,10033,4803,5230
10006005,2025SP,4185,951,3234
10006006,2025FA,6313,1705,4608
10006006,2025SP,6823,705,6118
10006007,2025FA,4426,1213,3213
10006008,2025FA,5848,4808,1040
10006009,2025FA,8785,2503,6282
10006010,2025FA,4887,7513,-2626
10006011,2025FA,4759,2792,1967
10006012,2025FA,4781,3478,1303
10006013,2025FA,6171,4713,1458
10006014,2025FA,5360,3962,1398
10006015,2025FA,5550,6843,-1293
10006015,2025SP,6837,5561,1276
10006016,2025FA,4318,3689,629
10006017,2025FA,4393,2308,2085
10006018,2025FA,4527,5426,-899
10006019,2025FA,9919,4943,4976
10006019,2025SP,6027,4152,1875
10006020,2025FA,4531,5121,-590
10006021,2025FA,4811,2704,2107
10006022,2025FA,6768,704,6064
10006022,2025SP,4110,6166,-2056
10006023,2025FA,4330,2948,1382
10006023,2025SP,5271,1103,4168
10006024,2025FA,5749,581,5168
10006025,2025FA,4916,2593,2323
10006026,2025FA,9481,4040,5441
10006026,2025SP,6767,4649,2118
10006027,2025FA,5928,1354,4574
10006028,2025FA,4885,2392,2493
10006029,2025FA,4912,4924,-12
10006029,2025SP,3260,3228,32
10006030,2025FA,4368,831,3537
10006031,2025FA,10699,3633,7066
10006031,2025SP,4183,981,3202
10006032,2025FA,4678,4433,245
10006032,2025SP,3717,6159,-2442
10006033,2025FA,4726,2082,2644
10006033,2025SP,7948,2966,4982
10006034,2025FA,9241,4784,4457
10006034,2025SP,6671,4316,2355
10006035,2025FA,6421,4685,1736
10006036,2025FA,5575,1379,4196
10006037,2025FA,4397,4689,-292
10006037,2025SP,4897,5091,-194
10006038,2025FA,9427,4738,4689
10006039,2025FA,5099,1921,3178
10006040,2025FA,10535,5331,5204
10006041,2025FA,5466,3373,2093
10006042,2025FA,4538,2133,2405
10006043,2025FA,4438,8526,-4088
10006044,2025FA,9446,2445,7001
10006045,2025FA,5471,2924,2547
10006046,2025FA,9403,3344,6059
10006047,2025FA,11353,2226,9127
10006047,2025SP,6653,2992,3661
10006048,2025FA,5193,1501,3692
10006049,2025FA,5072,3474,1598
10006050,2025FA,5474,2455,3019
10006050,2025SP,3678,4684,-1006
10006051,2025FA,6511,4846,1665
10006052,2025FA,4887,225,4662
10006053,2025FA,8156,3094,5062
10006054,2025FA,5612,1299,4313
10006055,2025FA,6688,4455,2233
10006055,2025SP,5521,1974,3547
10006056,2025FA,4897,1826,3071
10006057,2025FA,4804,5794,-990
10006057,2025SP,5632,3819,1813
10006058,2025FA,6411,2711,3700
10006058,2025SP,4862,4385,477
10006059,2025FA,5852,1276,4576
10006059,2025SP,3964,1293,2671
10006060,2025FA,5946,4900,1046
10006060,2025SP,8805,819,7986
10006061,2025FA,11217,4939,6278
10006061,2025SP,3778,2536,1242
10006062,2025FA,4728,5406,-678
10006063,2025FA,4742,5192,-450
10006063,2025SP,3860,5547,-1687
10006064,2025FA,4842,5919,-1077
10006065,2025FA,8787,3464,5323
10006065,2025SP,9236,2579,6657
10006066,2025FA,4403,3529,874
10006066,2025SP,4501,4580,-79
10006067,2025FA,4663,2733,1930
10006068,2025FA,5052,2855,2197
10006069,2025FA,4429,1072,3357
10006069,2025SP,3707,3752,-45
10006070,2025FA,9275,3769,5506
10006071,2025FA,6079,2177,3902
10006072,2025FA,11426,1876,9550
10006073,2025FA,8021,4935,3086
10006074,2025FA,4868,5353,-485
10006075,2025FA,8016,3551,4465
10006076,2025FA,5463,5803,-340
10006077,2025FA,4943,7282,-2339
10006077,2025SP,4683,6428,-1745
10006078,2025FA,9457,3388,6069
10006078,2025SP,3820,300,3520
10006079,2025FA,4301,2868,1433
10006080,2025FA,8075,634,7441
10006080,2025SP,7464,2366,5098
10006081,2025FA,4846,4602,244
10006081,2025SP,3749,2727,1022
10006082,2025FA,5213,363,4850
10006083,2025FA,4553,5526,-973
10006084,2025FA,4505,4720,-215
10006084,2025SP,3765,2363,1402
10006085,2025FA,8039,3873,4166
10006085,2025SP,4392,6102,-1710
10006086,2025FA,4558,2336,2222
10006087,2025FA,8080,4028,4052
10006088,2025FA,4443,3883,560
10006089,2025FA,5892,1388,4504
10006090,2025FA,8624,978,7646
10006090,2025SP,3613,3749,-136
10006091,2025FA,6140,4350,1790
10006092,2025FA,4655,3223,1432
10006093,2025FA,10018,4179,5839
10006093,2025SP,4857,217,4640
10006094,2025FA,6459,1406,5053
10006094,2025SP,4089,2911,1178
10006095,2025FA,5016,3933,1083
10006096,2025FA,4837,3591,1246
10006096,2025SP,4744,2685,2059
10006097,2025FA,5908,2389,3519
10006098,2025FA,8118,1999,6119
10006098,2025SP,5418,3686,1732
10006099,2025FA,5033,4805,228
10006100,2025FA,11201,3634,7567
10006101,2025FA,4893,5797,-904
10006102,2025FA,8686,3888,4798
10006102,2025SP,5998,3563,2435
10006103,2025FA,4600,1607,2993
10006104,2025FA,4825,6013,-1188
10006105,2025FA,11811,4160,7651
10006105,2025SP,3374,2996,378
10006106,2025FA,4819,7525,-2706
10006107,2025FA,8788,1480,7308
10006107,2025SP,3528,4549,-1021
10006108,2025FA,8804,5256,3548
10006109,2025FA,8057,5371,2686
10006110,2025FA,4469,4553,-84
10006110,2025SP,4662,830,3832
10006111,2025FA,8029,3458,4571
10006111,2025SP,3834,2553,1281
10006112,2025FA,4776,1831,2945
10006112,2025SP,3724,2840,884
10006113,2025FA,8716,472,8244
10006113,2025SP,3692,4359,-667
10006114,2025FA,5195,3717,1478
10006115,2025FA,7932,3194,4738
10006115,2025SP,4001,2905,1096
10006116,2025FA,5390,4194,1196
10006117,2025FA,4908,878,4030
10006118,2025FA,11188,1590,9598
10006119,2025FA,12499,6723,5776
10006120,2025FA,4747,6012,-1265
10006121,2025FA,4846,1214,3632
10006121,2025SP,6766,1452,5314
10006122,2025FA,4572,3530,1042
10006123,2025FA,8568,6725,1843
10006124,2025FA,4651,1614,3037
10006125,2025FA,6230,759,5471
10006126,2025FA,4544,3184,1360
10006126,2025SP,3664,4096,-432
10006127,2025FA,6518,1792,4726
10006128,2025FA,10731,2687,8044
10006128,2025SP,3269,1795,1474
10006129,2025FA,4487,478,4009
10006129,2025SP,6900,2662,4238
10006130,2025FA,5292,3481,1811
10006131,2025FA,11361,5183,6178
10006131,2025SP,4662,417,4245
10006132,2025FA,9244,5698,3546
10006133,2025FA,5489,5773,-284
10006134,2025FA,6886,5596,1290
10006135,2025FA,5124,2502,2622
10006135,2025SP,3514,6189,-2675
10006136,2025FA,9437,2397,7040
10006137,2025FA,5000,1308,3692
10006137,2025SP,4548,1376,3172
10006138,2025FA,5291,5724,-433
10006138,2025SP,5085,3912,1173
10006139,2025FA,6336,1119,5217
10006140,2025FA,10548,1397,9151
10006140,2025SP,4419,1654,2765
10006141,2025FA,9396,2129,7267
10006142,2025FA,10765,5534,5231
10006143,2025FA,4300,5151,-851
10006143,2025SP,7438,2314,5124
10006144,2025FA,6568,4449,2119
10006145,2025FA,8032,2127,5905
10006145,2025SP,5212,1841,3371
10006146,2025FA,5576,3458,2118
10006147,2025FA,10577,3080,7497
10006148,2025FA,10546,6369,4177
10006149,2025FA,4318,3348,970
10006150,2025FA,5224,5670,-446
10006151,2025FA,6258,3203,3055
10006151,2025SP,5217,1717,3500
10006152,2025FA,9378,4018,5360
10006153,2025FA,6416,4550,1866
10006154,2025FA,8041,4666,3375
10006154,2025SP,8664,1651,7013
10006155,2025FA,5407,3336,2071
10006156,2025FA,5623,3402,2221
10006156,2025SP,5181,1837,3344
10006157,2025FA,6318,3732,2586
10006157,2025SP,7533,2921,4612
10006158,2025FA,5850,3379,2471
10006159,2025FA,4321,1970,2351
10006159,2025SP,3863,4622,-759
10006160,2025FA,4716,3105,1611
10006161,2025FA,4890,4043,847
10006161,2025SP,3364,5672,-2308
10006162,2025FA,4379,3123,1256
10006163,2025FA,5222,5412,-190
10006164,2025FA,5079,3655,1424
10006164,2025SP,6002,3622,2380
10006165,2025FA,5898,400,5498
10006166,2025FA,4531,2833,1698
10006167,2025FA,12536,2802,9734
10006167,2025SP,3841,4684,-843
10006168,2025FA,5036,1106,3930
10006169,2025FA,8163,2125,6038
10006170,2025FA,8744,6581,2163
10006170,2025SP,3802,766,3036
10006171,2025FA,4499,3447,1052
10006172,2025FA,5429,6586,-1157
10006172,2025SP,8012,1668,6344
10006173,2025FA,5789,5973,-184
10006173,2025SP,3763,1820,1943
10006174,2025FA,4364,3350,1014
10006175,2025FA,4930,4594,336
10006176,2025FA,5084,601,4483
10006177,2025FA,5029,4410,619
10006178,2025FA,5794,2218,3576
10006179,2025FA,10011,248,9763
10006179,2025SP,6651,5091,1560
10006180,2025FA,4898,3692,1206
10006180,2025SP,3607,1969,1638
10006181,2025FA,6441,5423,1018
10006182,2025FA,5095,1861,3234
10006182,2025SP,3297,1208,2089
10006183,2025FA,8032,253,7779
10006184,2025FA,5048,2775,2273
10006184,2025SP,5145,1340,3805
10006185,2025FA,5933,816,5117
10006186,2025FA,4512,2194,2318
10006187,2025FA,4849,5523,-674
10006188,2025FA,5524,1962,3562
10006189,2025FA,5230,2457,2773
10006189,2025SP,6043,1804,4239
10006190,2025FA,6223,3272,2951
10006190,2025SP,7486,7730,-244
10006191,2025FA,6081,4748,1333
10006192,2025FA,6247,1459,4788
10006193,2025FA,5159,1664,3495
10006194,2025FA,5867,5461,406
10006195,2025FA,5028,3576,1452
10006196,2025FA,4313,4850,-537
10006197,2025FA,4351,3187,1164
10006197,2025SP,4596,4185,411
10006198,2025FA,6219,2530,3689
10006199,2025FA,4851,1436,3415
10006200,2025FA,5174,5017,157
10006201,2025FA,4788,2281,2507
10006202,2025FA,4753,2429,2324
10006202,2025SP,3662,469,3193
10006203,2025FA,9952,5831,4121
10006204,2025FA,5498,5232,266
10006204,2025SP,8569,3850,4719
10006205,2025FA,8157,7137,1020
10006205,2025SP,3880,5713,-1833
10006206,2025FA,4853,5112,-259
10006207,2025FA,8606,4584,4022
10006208,2025FA,6103,2606,3497
10006209,2025FA,8719,2361,6358
10006209,2025SP,4808,601,4207
10006210,2025FA,4480,2647,1833
10006210,2025SP,5968,2826,3142
10006211,2025FA,5185,3478,1707
10006211,2025SP,5116,3822,1294
10006212,2025FA,5406,2074,3332
10006213,2025FA,5271,6619,-1348
10006213,2025SP,5225,4021,1204
10006214,2025FA,5879,2291,3588
10006215,2025FA,9354,1495,7859
10006216,2025FA,5080,2475,2605
10006217,2025FA,9991,3639,6352
10006217,2025SP,9441,6420,3021
10006218,2025FA,9253,2750,6503
10006218,2025SP,4128,4494,-366
10006219,2025FA,5417,4715,702
10006219,2025SP,6891,3582,3309
10006220,2025FA,11419,4721,6698
10006221,2025FA,4937,1050,3887
10006221,2025SP,5103,4805,298
10006222,2025FA,4685,3066,1619
10006222,2025SP,3275,3107,168
10006223,2025FA,4836,1558,3278
10006223,2025SP,9233,6018,3215
10006224,2025FA,8717,2859,5858
10006225,2025FA,8717,639,8078
10006226,2025FA,4662,2967,1695
10006226,2025SP,4476,3007,1469
10006227,2025FA,11387,4924,6463
10006228,2025FA,4316,3112,1204
10006229,2025FA,5177,1389,3788
10006230,2025FA,6583,3771,2812
10006230,2025SP,3626,6821,-3195
10006231,2025FA,6598,2470,4128
10006232,2025FA,10007,1614,8393
10006233,2025FA,4783,602,4181
10006234,2025FA,8006,1776,6230
10006234,2025SP,3763,3010,753
10006235,2025FA,6606,2949,3657
10006236,2025FA,5774,880,4894
10006237,2025FA,6576,2249,4327
10006237,2025SP,7980,3299,4681
10006238,2025FA,4847,3848,999
10006239,2025FA,4859,836,4023
10006240,2025FA,5238,4053,1185
10006241,2025FA,5789,2059,3730
10006242,2025FA,5002,3588,1414
10006243,2025FA,8795,3352,5443
10006244,2025FA,4765,4193,572
10006245,2025FA,4551,5069,-518
10006246,2025FA,8733,3542,5191
10006247,2025FA,4709,5151,-442
10006247,2025SP,5989,3226,2763
10006248,2025FA,5825,3768,2057
10006248,2025SP,5110,2119,2991
10006249,2025FA,9445,6152,3293
10006250,2025FA,4588,2084,2504
10006251,2025FA,6083,3072,3011
10006252,2025FA,6072,2930,3142
10006253,2025FA,4799,3773,1026
10006253,2025SP,3783,1895,1888
10006254,2025FA,10764,3986,6778
10006254,2025SP,3985,4215,-230
10006255,2025FA,5057,2260,2797
10006255,2025SP,4091,2231,1860
10006256,2025FA,4322,247,4075
10006256,2025SP,8727,4870,3857
10006257,2025FA,5198,2098,3100
10006257,2025SP,3306,1878,1428
10006258,2025FA,4489,4524,-35
10006259,2025FA,5496,3119,2377
10006259,2025SP,5229,5501,-272
10006260,2025FA,8735,3978,4757
10006261,2025FA,5384,2108,3276
10006262,2025FA,10050,532,9518
10006262,2025SP,5555,5899,-344
10006263,2025FA,4666,5497,-831
10006263,2025SP,8793,6588,2205
10006264,2025FA,4653,2379,2274
10006265,2025FA,5439,5585,-146
10006266,2025FA,8753,738,8015
10006267,2025FA,5219,5745,-526
10006267,2025SP,3871,804,3067
10006268,2025FA,4535,1363,3172
10006269,2025FA,8197,4017,4180
10006270,2025FA,11155,3086,8069
10006271,2025FA,4816,5301,-485
10006272,2025FA,7901,5413,2488
10006273,2025FA,4850,1994,2856
10006274,2025FA,4596,5883,-1287
10006275,2025FA,4528,4434,94
10006275,2025SP,3834,2176,1658
10006276,2025FA,6346,3305,3041
10006277,2025FA,4713,4464,249
10006277,2025SP,8565,6630,1935
10006278,2025FA,6053,4313,1740
10006279,2025FA,5731,2712,3019
10006280,2025FA,10555,5565,4990
10006281,2025FA,5743,4376,1367
10006282,2025FA,8020,5614,2406
10006282,2025SP,4573,4972,-399
10006283,2025FA,5548,4208,1340
10006283,2025SP,3434,2499,935
10006284,2025FA,4939,4560,379
10006285,2025FA,5739,3706,2033
10006286,2025FA,5210,3824,1386
10006286,2025SP,3756,534,3222
10006287,2025FA,5242,3252,1990
10006288,2025FA,5755,1499,4256
10006289,2025FA,5516,1043,4473
10006290,2025FA,5511,3006,2505
10006291,2025FA,5406,2812,2594
10006292,2025FA,5021,2141,2880
10006293,2025FA,11285,3398,7887
10006293,2025SP,6854,3858,2996
10006294,2025FA,7904,4090,3814
10006294,2025SP,4375,3218,1157
10006295,2025FA,6553,4535,2018
10006296,2025FA,5730,5120,610
10006297,2025FA,4535,3891,644
10006298,2025FA,6337,6777,-440
10006299,2025FA,5977,1584,4393
10006300,2025FA,10516,2763,7753
10006301,2025FA,5005,3687,1318
10006302,2025FA,9944,853,9091
10006302,2025SP,3961,2380,1581
10006303,2025FA,4481,3489,992
10006304,2025FA,5096,3392,1704
10006304,2025SP,5056,5300,-244
10006305,2025FA,4900,4959,-59
10006306,2025FA,5054,1089,3965
10006307,2025FA,10018,2396,7622
10006308,2025FA,8756,2842,5914
10006309,2025FA,4707,4640,67
10006309,2025SP,8670,3046,5624
10006310,2025FA,5978,3383,2595
10006311,2025FA,8681,3083,5598
10006312,2025FA,9448,1150,8298
10006312,2025SP,3848,3220,628
10006313,2025FA,5464,3395,2069
10006314,2025FA,4549,1947,2602
10006314,2025SP,4758,2550,2208
10006315,2025FA,4799,3980,819
10006316,2025FA,10702,3264,7438
10006317,2025FA,5540,3775,1765
10006318,2025FA,4804,1825,2979
10006319,2025FA,8689,3313,5376
10006319,2025SP,6831,3698,3133
10006320,2025FA,5833,917,4916
10006321,2025FA,4714,4680,34
10006322,2025FA,5945,3534,2411
10006322,2025SP,7323,1138,6185
10006323,2025FA,5516,3981,1535
10006323,2025SP,8614,1397,7217
10006324,2025FA,9913,6459,3454
10006325,2025FA,4337,6741,-2404
10006325,2025SP,4373,2748,1625
10006326,2025FA,6295,2395,3900
10006326,2025SP,5459,2008,3451
10006327,2025FA,5241,3732,1509
10006328,2025FA,5542,1615,3927
10006328,2025SP,8704,6429,2275
10006329,2025FA,5633,5210,423
10006329,2025SP,3297,345,2952
10006330,2025FA,6693,3261,3432
10006330,2025SP,3978,1749,2229
10006331,2025FA,8774,3862,4912
10006332,2025FA,10669,2710,7959
10006332,2025SP,8033,1264,6769
10006333,2025FA,4826,3502,1324
10006334,2025FA,5187,3202,1985
10006335,2025FA,4772,4089,683
10006336,2025FA,5088,1184,3904
10006337,2025FA,4310,4610,-300
10006338,2025FA,6186,3110,3076
10006338,2025SP,3404,1569,1835
10006339,2025FA,4693,1729,2964
10006339,2025SP,4513,2982,1531
10006340,2025FA,4772,5421,-649
10006341,2025FA,6284,4719,1565
10006342,2025FA,8127,1987,6140
10006343,2025FA,5889,3137,2752
10006344,2025FA,4731,5537,-806
10006345,2025FA,4822,2292,2530
10006346,2025FA,5256,5541,-285
10006346,2025SP,7292,2918,4374
10006347,2025FA,5273,5064,209
10006347,2025SP,4446,4199,247
10006348,2025FA,5175,4866,309
10006349,2025FA,4837,5025,-188
10006349,2025SP,4578,1482,3096
10006350,2025FA,5839,2633,3206
10006350,2025SP,4307,2131,2176
10006351,2025FA,4584,2378,2206
10006351,2025SP,4755,4208,547
10006352,2025FA,4763,6324,-1561
10006353,2025FA,4760,3009,1751
10006353,2025SP,3805,3437,368
10006354,2025FA,6289,3685,2604
10006354,2025SP,6683,2453,4230
10006355,2025FA,7047,2699,4348
10006356,2025FA,5862,3149,2713
10006357,2025FA,9251,2708,6543
10006358,2025FA,9267,1970,7297
10006359,2025FA,5832,1193,4639
10006360,2025FA,6265,4717,1548
10006360,2025SP,4749,439,4310
10006361,2025FA,6168,4656,1512
10006361,2025SP,6754,5360,1394
10006362,2025FA,5641,1512,4129
10006362,2025SP,9310,3302,6008
10006363,2025FA,9894,1889,8005
10006363,2025SP,4914,3752,1162
10006364,2025FA,10511,1751,8760
10006365,2025FA,4394,552,3842
10006365,2025SP,3708,2408,1300
10006366,2025FA,4460,3242,1218
10006366,2025SP,4752,4853,-101
10006367,2025FA,4350,266,4084
10006367,2025SP,4399,3236,1163
10006368,2025FA,5713,845,4868
10006369,2025FA,4445,4385,60
10006369,2025SP,4718,2560,2158
10006370,2025FA,6148,5075,1073
10006370,2025SP,8169,2232,5937
10006371,2025FA,4911,1994,2917
10006371,2025SP,3737,2549,1188
10006372,2025FA,5270,3148,2122
10006373,2025FA,5299,4899,400
10006374,2025FA,5043,4297,746
10006375,2025FA,5770,2176,3594
10006375,2025SP,6857,3869,2988
10006376,2025FA,5173,1885,3288
10006377,2025FA,5221,1252,3969
10006378,2025FA,4331,2856,1475
10006379,2025FA,4692,2053,2639
10006379,2025SP,6689,1455,5234
10006380,2025FA,11410,1702,9708
10006381,2025FA,9303,2828,6475
10006382,2025FA,7979,3730,4249
10006383,2025FA,5137,3281,1856
10006383,2025SP,3740,4208,-468
10006384,2025FA,5873,3186,2687
10006385,2025FA,4840,4192,648
10006386,2025FA,4825,818,4007
10006386,2025SP,8060,2905,5155
10006387,2025FA,4441,4991,-550
10006388,2025FA,5645,2985,2660
10006389,2025FA,4381,996,3385
10006389,2025SP,4672,3402,1270
10006390,2025FA,5937,1590,4347
10006390,2025SP,5199,5067,132
10006391,2025FA,5052,5162,-110
10006392,2025FA,5176,3815,1361
10006392,2025SP,8642,2568,6074
10006393,2025FA,4693,3609,1084
10006394,2025FA,4907,5306,-399
10006394,2025SP,8043,508,7535
10006395,2025FA,8035,672,7363
10006395,2025SP,4321,3765,556
10006396,2025FA,10079,2490,7589
10006397,2025FA,6164,5733,431
10006397,2025SP,3406,4108,-702
10006398,2025FA,5256,2204,3052
10006398,2025SP,4215,2563,1652
10006399,2025FA,8750,1556,7194
10006399,2025SP,9401,2784,6617
10006400,2025FA,8180,5144,3036
10006401,2025FA,8571,1994,6577
10006401,2025SP,3257,3764,-507
10006402,2025FA,12503,1904,10599
10006403,2025FA,4487,2754,1733
10006404,2025FA,5436,3836,1600
10006404,2025SP,7904,1678,6226
10006405,2025FA,6140,2429,3711
10006405,2025SP,3403,1454,1949
10006406,2025FA,4794,3403,1391
10006406,2025SP,4248,3821,427
10006407,2025FA,5186,3586,1600
10006408,2025FA,5201,1743,3458
10006408,2025SP,3813,2918,895
10006409,2025FA,5290,3135,2155
10006410,2025FA,5432,706,4726
10006410,2025SP,4311,3155,1156
10006411,2025FA,4879,746,4133
10006412,2025FA,4830,2138,2692
10006413,2025FA,7969,4326,3643
10006414,2025FA,5888,1299,4589
10006414,2025SP,4115,3356,759
10006415,2025FA,4940,391,4549
10006416,2025FA,6286,2122,4164
10006417,2025FA,11342,4622,6720
10006418,2025FA,6327,3604,2723
10006419,2025FA,4843,4072,771
10006420,2025FA,5198,1733,3465
10006421,2025FA,5063,2559,2504
10006421,2025SP,4874,2748,2126
10006422,2025FA,4903,5725,-822
10006422,2025SP,5232,380,4852
10006423,2025FA,5919,4168,1751
10006424,2025FA,5565,6496,-931
10006424,2025SP,3531,2030,1501
10006425,2025FA,8605,5573,3032
10006426,2025FA,4840,1795,3045
10006427,2025FA,5725,2425,3300
10006428,2025FA,6070,3117,2953
10006428,2025SP,7920,5918,2002
10006429,2025FA,11895,3865,8030
10006430,2025FA,4472,6462,-1990
10006430,2025SP,4820,3536,1284
10006431,2025FA,4844,5665,-821
10006432,2025FA,5144,2849,2295
10006433,2025FA,4650,1987,2663
10006433,2025SP,4871,3934,937
10006434,2025FA,4581,4643,-62
10006435,2025FA,9284,940,8344
10006436,2025FA,6880,2335,4545
10006437,2025FA,5938,2171,3767
10006437,2025SP,4514,675,3839
10006438,2025FA,5098,4644,454
10006439,2025FA,4652,1735,2917
10006440,2025FA,5190,5601,-411
10006440,2025SP,5261,4879,382
10006441,2025FA,4399,2780,1619
10006441,2025SP,4486,2379,2107
10006442,2025FA,7247,1750,5497
10006443,2025FA,5273,3123,2150
10006444,2025FA,4917,1851,3066
10006445,2025FA,4516,1429,3087
10006446,2025FA,9459,3551,5908
10006447,2025FA,4782,2819,1963
10006447,2025SP,6746,5189,1557
10006448,2025FA,5143,6199,-1056
10006448,2025SP,6013,1933,4080
10006449,2025FA,5069,4834,235
10006449,2025SP,3641,993,2648
10006450,2025FA,4350,1888,2462
10006450,2025SP,3410,2337,1073
10006451,2025FA,8785,1850,6935
10006451,2025SP,5165,1850,3315
10006452,2025FA,5054,3450,1604
10006452,2025SP,9211,3384,5827
10006453,2025FA,9928,2921,7007
10006454,2025FA,6121,2709,3412
10006455,2025FA,4795,4314,481
10006456,2025FA,4755,4216,539
10006456,2025SP,3863,6160,-2297
10006457,2025FA,9279,1729,7550
10006457,2025SP,8607,4237,4370
10006458,2025FA,8126,2344,5782
10006459,2025FA,6270,1462,4808
10006459,2025SP,4387,4289,98
10006460,2025FA,4844,2996,1848
10006461,2025FA,10548,3619,6929
10006462,2025FA,4334,2916,1418
10006462,2025SP,5357,1723,3634
10006463,2025FA,5210,5359,-149
10006464,2025FA,4581,6165,-1584
10006465,2025FA,4668,228,4440
10006466,2025FA,8672,8036,636
10006467,2025FA,5035,5946,-911
10006467,2025SP,3304,1601,1703
10006468,2025FA,11434,3507,7927
10006468,2025SP,9356,5805,3551
10006469,2025FA,8591,1071,7520
10006470,2025FA,5508,3513,1995
10006471,2025FA,4800,4450,350
10006471,2025SP,4782,4715,67
10006472,2025FA,8157,4159,3998
10006473,2025FA,12021,4991,7030
10006473,2025SP,10008,1291,8717
10006474,2025FA,5065,2861,2204
10006474,2025SP,3766,966,2800
10006475,2025FA,5966,3537,2429
10006476,2025FA,4315,3322,993
10006477,2025FA,12047,4745,7302
10006478,2025FA,5207,5517,-310
10006479,2025FA,8771,3270,5501
10006479,2025SP,3427,7269,-3842
10006480,2025FA,10102,5078,5024
10006481,2025FA,5453,3424,2029
10006481,2025SP,4085,3339,746
10006482,2025FA,8760,777,7983
10006483,2025FA,6172,1602,4570
10006483,2025SP,4868,6888,-2020
10006484,2025FA,4853,3273,1580
10006485,2025FA,11256,4572,6684
10006485,2025SP,4883,2837,2046
10006486,2025FA,4489,3462,1027
10006486,2025SP,8000,1888,6112
10006487,2025FA,4904,4634,270
10006488,2025FA,5493,3434,2059
10006488,2025SP,5574,5176,398
10006489,2025FA,4552,7088,-2536
10006490,2025FA,6349,6790,-441
10006491,2025FA,5740,4312,1428
10006492,2025FA,4568,3298,1270
10006492,2025SP,4917,3569,1348
10006493,2025FA,8823,2285,6538
10006493,2025SP,6772,3605,3167
10006494,2025FA,5975,3293,2682
10006495,2025FA,4685,893,3792
10006495,2025SP,3602,585,3017
10006496,2025FA,5958,2413,3545
10006497,2025FA,4399,3484,915
10006497,2025SP,4085,5725,-1640
10006498,2025FA,10610,2552,8058
10006499,2025FA,4787,5913,-1126
10006499,2025SP,3782,5817,-2035
10006500,2025FA,8651,4008,4643
10006500,2025SP,6729,4518,2211
10006501,2025FA,10586,3034,7552
10006502,2025FA,8824,2505,6319
10006503,2025FA,12038,2688,9350
10006504,2025FA,11274,5152,6122
10006505,2025FA,5444,1991,3453
10006506,2025FA,5979,1192,4787
10006506,2025SP,5100,5202,-102
10006507,2025FA,4698,1888,2810
10006508,2025FA,4707,1245,3462
10006509,2025FA,11156,3532,7624
10006509,2025SP,6022,1887,4135
10006510,2025FA,5762,1032,4730
10006511,2025FA,5221,2029,3192
10006511,2025SP,4866,4797,69
10006512,2025FA,10716,1129,9587
10006513,2025FA,5256,2831,2425
10006514,2025FA,9305,4438,4867
10006514,2025SP,8837,2426,6411
10006515,2025FA,6630,1479,5151
10006516,2025FA,5939,4818,1121
10006517,2025FA,4578,2182,2396
10006518,2025FA,10716,7390,3326
10006519,2025FA,5185,4665,520
10006520,2025FA,9860,2184,7676
10006521,2025FA,4395,6802,-2407
10006522,2025FA,9339,5795,3544
10006523,2025FA,4565,4017,548
10006524,2025FA,9308,5824,3484
10006525,2025FA,11419,1521,9898
10006526,2025FA,6173,3636,2537
10006527,2025FA,11257,1504,9753
10006527,2025SP,3290,2505,785
10006528,2025FA,4838,1294,3544
10006528,2025SP,3277,2690,587
10006529,2025FA,5218,5042,176
10006529,2025SP,3620,4821,-1201
10006530,2025FA,8639,3755,4884
10006530,2025SP,3543,3591,-48
10006531,2025FA,4568,2535,2033
10006532,2025FA,4934,5884,-950
10006533,2025FA,5072,2072,3000
10006534,2025FA,4452,5625,-1173
10006535,2025FA,8181,8017,164
10006535,2025SP,4823,3950,873
10006536,2025FA,6961,6576,385
10006537,2025FA,8840,1423,7417
10006538,2025FA,8582,6999,1583
10006539,2025FA,6247,3438,2809
10006539,2025SP,6074,4856,1218
10006540,2025FA,4824,1705,3119
10006541,2025FA,4710,3657,1053
10006541,2025SP,4055,1335,2720
10006542,2025FA,4439,999,3440
10006543,2025FA,4754,7433,-2679
10006544,2025FA,6056,5454,602
10006545,2025FA,5433,5030,403
10006546,2025FA,5297,4848,449
10006546,2025SP,5150,2078,3072
10006547,2025FA,8715,4163,4552
10006547,2025SP,6869,4633,2236
10006548,2025FA,4321,4110,211
10006549,2025FA,5920,2016,3904
10006550,2025FA,5642,3793,1849
10006551,2025FA,9416,1439,7977
10006551,2025SP,4739,3635,1104
10006552,2025FA,10538,4255,6283
10006553,2025FA,8019,2288,5731
10006554,2025FA,8669,1820,6849
10006555,2025FA,6319,3414,2905
10006556,2025FA,4744,3568,1176
10006556,2025SP,4043,5429,-1386
10006557,2025FA,8076,1271,6805
10006558,2025FA,9302,3142,6160
10006558,2025SP,4744,4725,19
10006559,2025FA,8812,1279,7533
10006559,2025SP,3305,3312,-7
10006560,2025FA,4894,3804,1090
10006560,2025SP,4453,3032,1421
10006561,2025FA,10092,3861,6231
10006561,2025SP,3828,5428,-1600
10006562,2025FA,10735,645,10090
10006562,2025SP,4863,3828,1035
10006563,2025FA,5450,5805,-355
10006563,2025SP,3893,7545,-3652
10006564,2025FA,5072,5395,-323
10006565,2025FA,5564,6651,-1087
10006566,2025FA,5706,2264,3442
10006567,2025FA,4788,842,3946
10006568,2025FA,4442,1457,2985
10006568,2025SP,3280,4279,-999
10006569,2025FA,6051,3507,2544
10006569,2025SP,8611,3929,4682
10006570,2025FA,8057,1711,6346
10006571,2025FA,6607,4174,2433
10006571,2025SP,6763,3852,2911
10006572,2025FA,5937,2173,3764
10006572,2025SP,3872,1479,2393
10006573,2025FA,7046,962,6084
10006574,2025FA,4751,4942,-191
10006574,2025SP,4668,1755,2913
10006575,2025FA,9932,3180,6752
10006575,2025SP,3726,3261,465
10006576,2025FA,11427,413,11014
10006577,2025FA,8171,3448,4723
10006577,2025SP,7470,2430,5040
10006578,2025FA,6260,7002,-742
10006579,2025FA,5875,3699,2176
10006579,2025SP,9490,5462,4028
10006580,2025FA,5974,4988,986
10006581,2025FA,4821,4234,587
10006582,2025FA,4714,3299,1415
10006583,2025FA,4770,5549,-779
10006584,2025FA,5148,503,4645
10006584,2025SP,9201,5433,3768
10006585,2025FA,5525,4771,754
10006586,2025FA,7948,1848,6100
10006586,2025SP,4004,3633,371
10006587,2025FA,5718,2670,3048
10006588,2025FA,5753,321,5432
10006588,2025SP,3736,3005,731
10006589,2025FA,10020,258,9762
10006589,2025SP,5444,2975,2469
10006590,2025FA,9222,2218,7004
10006590,2025SP,3458,937,2521
10006591,2025FA,5374,1365,4009
10006591,2025SP,3736,2716,1020
10006592,2025FA,8627,4870,3757
10006592,2025SP,3360,2119,1241
10006593,2025FA,9940,3306,6634
10006594,2025FA,4432,688,3744
10006594,2025SP,3765,4791,-1026
10006595,2025FA,5231,3524,1707
10006596,2025FA,5068,3665,1403
10006597,2025FA,4324,1537,2787
10006598,2025FA,11365,1198,10167
10006599,2025FA,9989,1723,8266
10006600,2025FA,5941,2013,3928
10006601,2025FA,5951,3428,2523
10006601,2025SP,3293,5123,-1830
10006602,2025FA,6169,3282,2887
10006603,2025FA,5850,2412,3438
10006603,2025SP,6807,5055,1752
10006604,2025FA,4486,5186,-700
10006605,2025FA,6182,3494,2688
10006605,2025SP,6849,3334,3515
10006606,2025FA,6147,4361,1786
10006607,2025FA,5461,4273,1188
10006608,2025FA,5723,3191,2532
10006608,2025SP,6108,1543,4565
10006609,2025FA,5208,2325,2883
10006610,2025FA,5010,6240,-1230
10006611,2025FA,4684,6491,-1807
10006612,2025FA,10618,4077,6541
10006612,2025SP,7966,2593,5373
10006613,2025FA,5257,2875,2382
10006614,2025FA,4725,2829,1896
10006615,2025FA,4730,4041,689
10006615,2025SP,6026,3498,2528
10006616,2025FA,9969,1808,8161
10006617,2025FA,4385,2135,2250
10006617,2025SP,4574,3790,784
10006618,2025FA,5269,4649,620
10006619,2025FA,9936,3741,6195
10006620,2025FA,9403,7219,2184
10006621,2025FA,5026,3327,1699
10006622,2025FA,4756,1786,2970
10006623,2025FA,5008,1787,3221
10006624,2025FA,9967,365,9602
10006625,2025FA,4734,408,4326
10006626,2025FA,12034,2852,9182
10006627,2025FA,8836,3705,5131
10006628,2025FA,4902,5980,-1078
10006629,2025FA,4748,792,3956
10006629,2025SP,10080,6210,3870
10006630,2025FA,10643,4408,6235
10006631,2025FA,5193,6192,-999
10006632,2025FA,4856,3004,1852
10006632,2025SP,3301,2447,854
10006633,2025FA,5259,1858,3401
10006634,2025FA,4828,6003,-1175
10006635,2025FA,4773,5116,-343
10006635,2025SP,9387,1243,8144
10006636,2025FA,5205,4682,523
10006637,2025FA,4506,4321,185
10006638,2025FA,10126,1766,8360
10006638,2025SP,5146,1126,4020
10006639,2025FA,4673,4408,265
10006640,2025FA,4887,7240,-2353
10006641,2025FA,5795,2189,3606
10006642,2025FA,4888,5156,-268
10006643,2025FA,9885,3662,6223
10006644,2025FA,8183,4553,3630
10006644,2025SP,6759,4730,2029
10006645,2025FA,5945,5513,432
10006646,2025FA,4822,1820,3002
10006647,2025FA,5563,3878,1685
10006648,2025FA,9265,7019,2246
10006648,2025SP,3530,5193,-1663
10006649,2025FA,5179,2533,2646
10006650,2025FA,8019,2458,5561
10006651,2025FA,6284,1755,4529
10006651,2025SP,3661,2143,1518
10006652,2025FA,4384,4570,-186
10006653,2025FA,6284,3089,3195
10006654,2025FA,9433,1330,8103
10006655,2025FA,4720,1891,2829
10006656,2025FA,4481,4265,216
10006656,2025SP,3972,893,3079
10006657,2025FA,10606,1200,9406
10006657,2025SP,3863,3628,235
10006658,2025FA,5383,604,4779
10006659,2025FA,6647,407,6240
10006660,2025FA,5608,530,5078
10006660,2025SP,6079,5507,572
10006661,2025FA,8562,3040,5522
10006661,2025SP,4320,1681,2639
10006662,2025FA,5036,2954,2082
10006663,2025FA,5245,4141,1104
10006664,2025FA,4346,2834,1512
10006665,2025FA,5750,3083,2667
10006665,2025SP,3313,3543,-230
10006666,2025FA,10043,1946,8097
10006666,2025SP,3430,1778,1652
10006667,2025FA,6202,3455,2747
10006668,2025FA,9479,345,9134
10006668,2025SP,3655,3161,494
10006669,2025FA,5611,4031,1580
10006669,2025SP,4759,5551,-792
10006670,2025FA,5847,6122,-275
10006670,2025SP,8829,1793,7036
10006671,2025FA,8840,3703,5137
10006672,2025FA,9971,513,9458
10006672,2025SP,4899,2830,2069
10006673,2025FA,9380,679,8701
10006674,2025FA,6548,1903,4645
10006675,2025FA,9464,3586,5878
10006675,2025SP,4314,2338,1976
10006676,2025FA,6122,1643,4479
10006677,2025FA,9954,6028,3926
10006677,2025SP,6784,2100,4684
10006678,2025FA,6272,3981,2291
10006678,2025SP,4493,3200,1293
10006679,2025FA,5796,572,5224
10006680,2025FA,5874,1805,4069
10006681,2025FA,6567,2961,3606
10006681,2025SP,4386,266,4120
10006682,2025FA,4494,5002,-508
10006682,2025SP,4692,1322,3370
10006683,2025FA,4483,3356,1127
10006683,2025SP,6896,2859,4037
10006684,2025FA,5820,2436,3384
10006684,2025SP,3844,556,3288
10006685,2025FA,10044,4258,5786
10006685,2025SP,8800,4923,3877
10006686,2025FA,5120,3710,1410
10006687,2025FA,4759,1612,3147
10006687,2025SP,6139,3456,2683
10006688,2025FA,5787,2003,3784
10006689,2025FA,6084,7484,-1400
10006690,2025FA,5983,4333,1650
10006691,2025FA,4375,1568,2807
10006692,2025FA,6815,3120,3695
10006693,2025FA,9406,7197,2209
10006694,2025FA,4766,5078,-312
10006694,2025SP,4031,1421,2610
10006695,2025FA,6422,3727,2695
10006696,2025FA,4781,5175,-394
10006697,2025FA,4442,1403,3039
10006697,2025SP,3843,4968,-1125
10006698,2025FA,4737,2290,2447
10006699,2025FA,5849,1279,4570
10006700,2025FA,8779,3478,5301
10006701,2025FA,5616,1501,4115
10006702,2025FA,8850,484,8366
10006702,2025SP,10090,5057,5033
10006703,2025FA,4923,800,4123
10006704,2025FA,11212,6147,5065
10006704,2025SP,3719,1517,2202
10006705,2025FA,4827,1926,2901
10006705,2025SP,6194,1037,5157
10006706,2025FA,4875,2627,2248
10006706,2025SP,4696,2945,1751
10006707,2025FA,6543,1978,4565
10006708,2025FA,6322,2905,3417
10006709,2025FA,4694,3425,1269
10006710,2025FA,10085,733,9352
10006711,2025FA,8732,3048,5684
10006712,2025FA,8597,1082,7515
10006712,2025SP,6657,1086,5571
10006713,2025FA,4379,3378,1001
10006714,2025FA,8095,2319,5776
10006714,2025SP,4879,1230,3649
10006715,2025FA,6594,1946,4648
10006716,2025FA,6147,2421,3726
10006717,2025FA,5582,1927,3655
10006718,2025FA,5268,4255,1013
10006719,2025FA,6212,4059,2153
10006720,2025FA,9904,568,9336
10006721,2025FA,11233,3379,7854
10006722,2025FA,5098,2326,2772
10006723,2025FA,5236,5297,-61
10006724,2025FA,4695,957,3738
10006725,2025FA,8564,1852,6712
10006726,2025FA,6080,1297,4783
10006726,2025SP,7917,1695,6222
10006727,2025FA,6065,3880,2185
10006727,2025SP,8606,1612,6994
10006728,2025FA,5752,439,5313
10006728,2025SP,4800,3040,1760
10006729,2025FA,4327,7031,-2704
10006730,2025FA,4732,4638,94
10006731,2025FA,6273,4519,1754
10006732,2025FA,6091,968,5123
10006733,2025FA,4582,1479,3103
10006733,2025SP,4835,3656,1179
10006734,2025FA,6198,3525,2673
10006735,2025FA,4600,777,3823
10006735,2025SP,3963,4292,-329
10006736,2025FA,5271,2623,2648
10006737,2025FA,4904,1211,3693
10006738,2025FA,8105,2269,5836
10006738,2025SP,4197,4472,-275
10006739,2025FA,9285,3703,5582
10006740,2025FA,5818,877,4941
10006741,2025FA,9974,391,9583
10006741,2025SP,5240,4241,999
10006742,2025FA,4911,3161,1750
10006743,2025FA,5572,1121,4451
10006744,2025FA,5720,1185,4535
10006745,2025FA,6237,2405,3832
10006746,2025FA,5542,3212,2330
10006746,2025SP,3650,775,2875
10006747,2025FA,4507,1981,2526
10006747,2025SP,4330,4854,-524
10006748,2025FA,8846,2287,6559
10006749,2025FA,5786,1944,3842
10006750,2025FA,6299,2564,3735
10006751,2025FA,8669,1536,7133
10006751,2025SP,4366,1642,2724
10006752,2025FA,4530,4027,503
10006753,2025FA,4755,3017,1738
10006753,2025SP,5195,4182,1013
10006754,2025FA,5634,5829,-195
10006755,2025FA,6312,3730,2582
10006756,2025FA,5004,5020,-16
10006756,2025SP,8781,2359,6422
10006757,2025FA,4822,4161,661
10006758,2025FA,5409,1409,4000
10006759,2025FA,5931,2969,2962
10006760,2025FA,5583,3512,2071
10006760,2025SP,3455,4408,-953
10006761,2025FA,8732,1851,6881
10006762,2025FA,5973,1442,4531
10006763,2025FA,4939,2801,2138
10006764,2025FA,4752,4101,651
10006765,2025FA,4862,3290,1572
10006765,2025SP,3752,439,3313
10006766,2025FA,6525,2928,3597
10006767,2025FA,4494,4239,255
10006767,2025SP,9395,3353,6042
10006768,2025FA,5111,2129,2982
10006769,2025FA,5561,1424,4137
10006770,2025FA,5646,1937,3709
10006770,2025SP,4780,2303,2477
10006771,2025FA,11307,1477,9830
10006772,2025FA,6658,1919,4739
10006773,2025FA,5300,3972,1328
10006774,2025FA,4654,3288,1366
10006775,2025FA,6079,3686,2393
10006776,2025FA,4836,1894,2942
10006776,2025SP,4371,3155,1216
10006777,2025FA,5147,4051,1096
10006778,2025FA,11427,1796,9631
10006779,2025FA,8693,4259,4434
10006780,2025FA,5486,2852,2634
10006780,2025SP,3610,1835,1775
10006781,2025FA,6320,2715,3605
10006781,2025SP,3514,1438,2076
10006782,2025FA,4461,4346,115
10006783,2025FA,5292,4963,329
10006784,2025FA,6291,1440,4851
10006785,2025FA,9885,550,9335
10006785,2025SP,4305,892,3413
10006786,2025FA,10748,7049,3699
10006787,2025FA,8846,1100,7746
10006787,2025SP,5575,2469,3106
10006788,2025FA,6283,1124,5159
10006789,2025FA,8706,5205,3501
10006789,2025SP,3476,1958,1518
10006790,2025FA,5843,5116,727
10006791,2025FA,5860,3606,2254
10006791,2025SP,4349,1689,2660
10006792,2025FA,4837,4497,340
10006793,2025FA,5189,5223,-34
10006794,2025FA,4746,5433,-687
10006794,2025SP,3825,3458,367
10006795,2025FA,6131,2805,3326
10006795,2025SP,3855,1755,2100
10006796,2025FA,5707,1510,4197
10006796,2025SP,3871,2565,1306
10006797,2025FA,4701,3189,1512
10006797,2025SP,8717,782,7935
10006798,2025FA,6941,3696,3245
10006798,2025SP,3794,4180,-386
10006799,2025FA,5584,4443,1141
10006800,2025FA,4855,2734,2121
10006800,2025SP,9368,4664,4704
10006801,2025FA,4805,2584,2221
10006802,2025FA,11182,3514,7668
10006803,2025FA,4722,2080,2642
10006803,2025SP,9464,1615,7849
10006804,2025FA,7943,7506,437
10006805,2025FA,4812,3123,1689
10006805,2025SP,5996,4237,1759
10006806,2025FA,4760,1811,2949
10006806,2025SP,3545,3080,465
10006807,2025FA,9241,5509,3732
10006808,2025FA,6675,3836,2839
10006809,2025FA,8014,5782,2232
10006809,2025SP,3264,1745,1519
10006810,2025FA,8031,1770,6261
10006810,2025SP,5047,5834,-787
10006811,2025FA,5170,2474,2696
10006812,2025FA,5472,4078,1394
10006812,2025SP,3985,2162,1823
10006813,2025FA,10518,3468,7050
10006814,2025FA,5040,1761,3279
10006815,2025FA,11180,3379,7801
10006815,2025SP,4112,6414,-2302
10006816,2025FA,4830,1470,3360
10006816,2025SP,8070,4342,3728
10006817,2025FA,5215,3829,1386
10006817,2025SP,4724,3722,1002
10006818,2025FA,13170,1881,11289
10006818,2025SP,4667,1718,2949
10006819,2025FA,4791,1336,3455
10006819,2025SP,8612,5238,3374
10006820,2025FA,5893,2500,3393
10006821,2025FA,5977,1333,4644
10006821,2025SP,3656,6050,-2394
10006822,2025FA,4867,5402,-535
10006823,2025FA,8715,3571,5144
10006824,2025FA,5515,5164,351
10006824,2025SP,3974,1027,2947
10006825,2025FA,6328,3474,2854
10006825,2025SP,8730,1602,7128
10006826,2025FA,4739,4607,132
10006827,2025FA,5060,3794,1266
10006827,2025SP,6218,4052,2166
10006828,2025FA,7908,4802,3106
10006829,2025FA,4464,3113,1351
10006830,2025FA,5565,3563,2002
10006830,2025SP,8791,4180,4611
10006831,2025FA,4829,3183,1646
10006832,2025FA,4677,2218,2459
10006832,2025SP,8801,6478,2323
10006833,2025FA,5973,433,5540
10006834,2025FA,7957,1518,6439
10006835,2025FA,8675,1529,7146
10006836,2025FA,5805,4652,1153
10006837,2025FA,9471,4524,4947
10006837,2025SP,4667,2433,2234
10006838,2025FA,4586,3833,753
10006839,2025FA,8742,2319,6423
10006839,2025SP,8680,4275,4405
10006840,2025FA,8084,4931,3153
10006841,2025FA,8566,4669,3897
10006842,2025FA,4747,5055,-308
10006842,2025SP,5027,4568,459
10006843,2025FA,4729,3938,791
10006843,2025SP,3660,473,3187
10006844,2025FA,6407,4237,2170
10006845,2025FA,5415,1888,3527
10006845,2025SP,3362,3676,-314
10006846,2025FA,8573,4238,4335
10006846,2025SP,4752,4860,-108
10006847,2025FA,10780,6918,3862
10006847,2025SP,5470,3881,1589
10006848,2025FA,4470,4738,-268
10006848,2025SP,4331,1821,2510
10006849,2025FA,8651,959,7692
10006850,2025FA,5840,5779,61
10006850,2025SP,8766,5337,3429
10006851,2025FA,8761,5426,3335
10006851,2025SP,4337,4749,-412
10006852,2025FA,6146,4558,1588
10006852,2025SP,4189,6754,-2565
10006853,2025FA,4728,2800,1928
10006854,2025FA,5215,3802,1413
10006855,2025FA,4727,3584,1143
10006855,2025SP,3490,3589,-99
10006856,2025FA,4337,4643,-306
10006856,2025SP,5496,2667,2829
10006857,2025FA,5083,208,4875
10006858,2025FA,5431,4264,1167
10006859,2025FA,4339,4449,-110
10006859,2025SP,3661,1206,2455
10006860,2025FA,5478,1371,4107
10006860,2025SP,8819,6045,2774
10006861,2025FA,10507,6610,3897
10006861,2025SP,6193,3510,2683
10006862,2025FA,9430,4256,5174
10006862,2025SP,4128,3905,223
10006863,2025FA,5178,5115,63
10006863,2025SP,5209,5105,104
10006864,2025FA,4863,3602,1261
10006864,2025SP,4677,6366,-1689
10006865,2025FA,5261,4884,377
10006865,2025SP,8627,3475,5152
10006866,2025FA,4450,2481,1969
10006866,2025SP,3819,492,3327
10006867,2025FA,4857,3761,1096
10006868,2025FA,5579,2200,3379
10006869,2025FA,5243,1142,4101
10006870,2025FA,5383,6450,-1067
10006870,2025SP,3406,1286,2120
10006871,2025FA,9281,3682,5599
10006872,2025FA,9445,2588,6857
10006873,2025FA,5107,3627,1480
10006873,2025SP,5178,1871,3307
10006874,2025FA,4506,3864,642
10006874,2025SP,8830,2441,6389
10006875,2025FA,5783,2268,3515
10006875,2025SP,3443,3079,364
10006876,2025FA,4781,479,4302
10006876,2025SP,4855,445,4410
10006877,2025FA,4733,1485,3248
10006878,2025FA,4812,4565,247
10006878,2025SP,7535,1560,5975
10006879,2025FA,10096,1480,8616
10006880,2025FA,4720,3661,1059
10006881,2025FA,4464,320,4144
10006881,2025SP,3658,2725,933
10006882,2025FA,4714,4000,714
10006882,2025SP,4437,6088,-1651
10006883,2025FA,5821,4836,985
10006884,2025FA,9400,3329,6071
10006884,2025SP,8810,5524,3286
10006885,2025FA,4808,3105,1703
10006886,2025FA,4595,2847,1748
10006886,2025SP,5300,2798,2502
10006887,2025FA,5095,5446,-351
10006887,2025SP,4811,7554,-2743
10006888,2025FA,5921,1339,4582
10006889,2025FA,10695,2516,8179
10006889,2025SP,3963,4142,-179
10006890,2025FA,9490,4870,4620
10006890,2025SP,3807,2409,1398
10006891,2025FA,4715,1255,3460
10006892,2025FA,8601,1901,6700
10006893,2025FA,5377,1965,3412
10006894,2025FA,5236,1364,3872
10006894,2025SP,4206,3144,1062
10006895,2025FA,12041,2128,9913
10006895,2025SP,7958,3425,4533
10006896,2025FA,5291,2285,3006
10006897,2025FA,4816,929,3887
10006898,2025FA,11217,1961,9256
10006898,2025SP,9351,2167,7184
10006899,2025FA,6645,1021,5624
10006899,2025SP,5120,3295,1825
10006900,2025FA,4878,2104,2774
10006900,2025SP,9250,4244,5006
10006901,2025FA,4923,4513,410
10006901,2025SP,4184,879,3305
10006902,2025FA,8553,3750,4803
10006903,2025FA,4744,5566,-822
10006904,2025FA,4456,5136,-680
10006905,2025FA,4475,3749,726
10006906,2025FA,4742,1291,3451
10006907,2025FA,10660,879,9781
10006908,2025FA,6594,2416,4178
10006909,2025FA,9399,3618,5781
10006909,2025SP,4734,2574,2160
10006910,2025FA,4302,2185,2117
10006910,2025SP,4093,5352,-1259
10006911,2025FA,8110,3449,4661
10006912,2025FA,10691,3973,6718
10006912,2025SP,5580,3947,1633
10006913,2025FA,10087,2888,7199
10006913,2025SP,5271,6055,-784
10006914,2025FA,4442,3045,1397
10006914,2025SP,4653,3120,1533
10006915,2025FA,4657,3713,944
10006915,2025SP,8847,5333,3514
10006916,2025FA,5889,4288,1601
10006916,2025SP,6064,6120,-56
10006917,2025FA,10125,1460,8665
10006918,2025FA,5111,4297,814
10006918,2025SP,4770,5254,-484
10006919,2025FA,11435,3169,8266
10006919,2025SP,4909,3267,1642
10006920,2025FA,5471,3289,2182
10006921,2025FA,10520,4913,5607
10006922,2025FA,5151,5996,-845
10006922,2025SP,4761,4379,382
10006923,2025FA,8086,4650,3436
10006924,2025FA,12032,3172,8860
10006924,2025SP,6031,1967,4064
10006925,2025FA,5256,5811,-555
10006926,2025FA,5070,393,4677
10006926,2025SP,3337,929,2408
10006927,2025FA,4901,5034,-133
10006927,2025SP,3822,2708,1114
10006928,2025FA,9884,1596,8288
10006929,2025FA,5512,4097,1415
10006929,2025SP,8697,2096,6601
10006930,2025FA,6176,4766,1410
10006930,2025SP,8567,4325,4242
10006931,2025FA,5295,5952,-657
10006931,2025SP,3466,3854,-388
10006932,2025FA,5706,4406,1300
10006933,2025FA,5157,2128,3029
10006934,2025FA,8018,3110,4908
10006935,2025FA,4583,2735,1848
10006936,2025FA,4303,4311,-8
10006936,2025SP,4789,4407,382
10006937,2025FA,4325,2438,1887
10006938,2025FA,11384,4893,6491
10006938,2025SP,9297,2934,6363
10006939,2025FA,9278,2761,6517
10006940,2025FA,4581,4899,-318
10006940,2025SP,5007,4788,219
10006941,2025FA,5118,2370,2748
10006942,2025FA,11931,1072,10859
10006942,2025SP,7361,2641,4720
10006943,2025FA,10783,4594,6189
10006944,2025FA,5516,4672,844
10006944,2025SP,4935,4069,866
10006945,2025FA,4770,3033,1737
10006945,2025SP,3315,4526,-1211
10006946,2025FA,5180,3407,1773
10006947,2025FA,10644,1823,8821
10006947,2025SP,6810,3919,2891
10006948,2025FA,9454,2819,6635
10006949,2025FA,5220,1750,3470
10006950,2025FA,4591,2004,2587
10006951,2025FA,6243,2735,3508
10006951,2025SP,3966,1019,2947
10006952,2025FA,4350,494,3856
10006953,2025FA,4941,2480,2461
10006953,2025SP,5256,3445,1811
10006954,2025FA,4915,5312,-397
10006955,2025FA,5620,5780,-160
10006956,2025FA,5292,3665,1627
10006956,2025SP,4321,5469,-1148
10006957,2025FA,8845,2358,6487
10006958,2025FA,4749,2325,2424
10006959,2025FA,4707,5322,-615
10006959,2025SP,9413,3788,5625
10006960,2025FA,5606,2155,3451
10006960,2025SP,3767,4784,-1017
10006961,2025FA,5504,3088,2416
10006962,2025FA,5436,5585,-149
10006963,2025FA,9231,3643,5588
10006963,2025SP,7959,1545,6414
10006964,2025FA,4412,4554,-142
10006965,2025FA,4330,2743,1587
10006965,2025SP,6898,653,6245
10006966,2025FA,11412,2567,8845
10006967,2025FA,4384,1074,3310
10006968,2025FA,4684,542,4142
10006969,2025FA,4816,2607,2209
10006970,2025FA,11921,1972,9949
10006970,2025SP,4434,4819,-385
10006971,2025FA,8731,4540,4191
10006971,2025SP,5278,1834,3444
10006972,2025FA,5074,1071,4003
10006973,2025FA,8738,4116,4622
10006974,2025FA,4600,646,3954
10006975,2025FA,4560,1090,3470
10006975,2025SP,9242,1950,7292
10006976,2025FA,4745,3638,1107
10006977,2025FA,10770,4918,5852
10006977,2025SP,4163,1954,2209
10006978,2025FA,4704,4191,513
10006979,2025FA,6868,5169,1699
10006980,2025FA,4585,1795,2790
10006981,2025FA,4909,2052,2857
10006982,2025FA,5711,2617,3094
10006983,2025FA,4897,3059,1838
10006983,2025SP,3270,3616,-346
10006984,2025FA,4861,4377,484
10006984,2025SP,4854,6764,-1910
10006985,2025FA,9329,1966,7363
10006986,2025FA,4821,3427,1394
10006987,2025FA,9384,2252,7132
10006988,2025FA,4903,1951,2952
10006989,2025FA,11246,1733,9513
10006990,2025FA,4871,1980,2891
10006991,2025FA,9230,1545,7685
10006992,2025FA,11317,5106,6211
10006993,2025FA,5925,2216,3709
10006994,2025FA,10593,3268,7325
10006995,2025FA,5278,4261,1017
10006996,2025FA,5991,4509,1482
10006997,2025FA,5418,5753,-335
10006998,2025FA,12001,1931,10070
10006998,2025SP,3784,224,3560
10006999,2025FA,8810,6110,2700
10007000,2025FA,5036,1211,3825
10007001,2025FA,5065,1500,3565
10007002,2025FA,8840,4745,4095
10007003,2025FA,9956,6553,3403
10007004,2025FA,4357,2401,1956
10007004,2025SP,3325,4633,-1308
10007005,2025FA,4824,685,4139
10007005,2025SP,4829,4410,419
10007006,2025FA,7958,3746,4212
10007007,2025FA,4780,3290,1490
10007007,2025SP,8579,2526,6053
10007008,2025FA,4418,1936,2482
10007009,2025FA,8099,508,7591
10007010,2025FA,8639,2911,5728
10007011,2025FA,6175,4371,1804
10007011,2025SP,3388,6055,-2667
10007012,2025FA,11276,2702,8574
10007013,2025FA,8746,5195,3551
10007014,2025FA,4911,3480,1431
10007015,2025FA,10709,209,10500
10007015,2025SP,9455,2727,6728
10007016,2025FA,5119,1786,3333
10007017,2025FA,4705,2491,2214
10007018,2025FA,4819,3586,1233
10007019,2025FA,7905,3568,4337
10007019,2025SP,4779,3429,1350
10007020,2025FA,8590,3126,5464
10007021,2025FA,10507,352,10155
10007021,2025SP,4117,2661,1456
10007022,2025FA,4365,2439,1926
10007023,2025FA,9373,1531,7842
10007024,2025FA,8050,3722,4328
10007024,2025SP,5531,5992,-461
10007025,2025FA,11280,3505,7775
10007026,2025FA,6441,2122,4319
10007027,2025FA,4753,4180,573
10007028,2025FA,11409,3347,8062
10007029,2025FA,9961,2746,7215
10007030,2025FA,4746,4936,-190
10007031,2025FA,4496,6004,-1508
10007031,2025SP,3728,4043,-315
10007032,2025FA,8715,4567,4148
10007033,2025FA,5217,5479,-262
10007034,2025FA,4735,3792,943
10007034,2025SP,3951,2699,1252
10007035,2025FA,6520,3953,2567
10007036,2025FA,5453,1672,3781
10007036,2025SP,5122,391,4731
10007037,2025FA,5292,3100,2192
10007037,2025SP,5093,4632,461
10007038,2025FA,8590,4392,4198
10007039,2025FA,11316,1718,9598
10007039,2025SP,4757,3255,1502
10007040,2025FA,4655,4128,527
10007040,2025SP,5124,2802,2322
10007041,2025FA,4672,3726,946
10007041,2025SP,7906,2615,5291
10007042,2025FA,5241,3981,1260
10007042,2025SP,5162,1999,3163
10007043,2025FA,4544,1824,2720
10007043,2025SP,3529,4312,-783
10007044,2025FA,8600,2427,6173
10007044,2025SP,5103,4564,539
10007045,2025FA,6690,520,6170
10007046,2025FA,5518,3094,2424
10007047,2025FA,5007,2151,2856
10007048,2025FA,4350,1443,2907
10007048,2025SP,3717,4099,-382
10007049,2025FA,4809,2779,2030
10007049,2025SP,7413,3870,3543
10007050,2025FA,4875,2218,2657
10007051,2025FA,9250,4473,4777
10007052,2025FA,4446,3068,1378
10007052,2025SP,3979,3155,824
10007053,2025FA,5735,3577,2158
10007054,2025FA,4405,4281,124
10007054,2025SP,8066,3777,4289
10007055,2025FA,5536,3094,2442
10007056,2025FA,6230,617,5613
10007056,2025SP,4934,2241,2693
10007057,2025FA,4568,6479,-1911
10007058,2025FA,4915,1509,3406
10007058,2025SP,3305,5366,-2061
10007059,2025FA,6144,4753,1391
10007059,2025SP,4791,5468,-677
10007060,2025FA,5910,316,5594
10007061,2025FA,6540,889,5651
10007062,2025FA,4551,2562,1989
10007063,2025FA,9885,5634,4251
10007064,2025FA,6661,3149,3512
10007065,2025FA,5747,2308,3439
10007066,2025FA,4723,2898,1825
10007067,2025FA,5282,7128,-1846
10007067,2025SP,3764,4132,-368
10007068,2025FA,4366,1472,2894
10007068,2025SP,7458,3195,4263
10007069,2025FA,5830,1955,3875
10007070,2025FA,10107,2870,7237
10007071,2025FA,6260,4678,1582
10007072,2025FA,9964,5404,4560
10007073,2025FA,4711,1502,3209
10007073,2025SP,4841,2518,2323
10007074,2025FA,5933,4718,1215
10007075,2025FA,4813,2102,2711
10007075,2025SP,7398,1815,5583
10007076,2025FA,11298,867,10431
10007077,2025FA,4916,3572,1344
10007078,2025FA,4944,3947,997
10007078,2025SP,4308,2835,1473
10007079,2025FA,4732,3324,1408
10007080,2025FA,5471,3756,1715
10007081,2025FA,4800,1391,3409
10007082,2025FA,5753,2474,3279
10007082,2025SP,4701,4960,-259
10007083,2025FA,4843,5903,-1060
10007084,2025FA,8035,5356,2679
10007085,2025FA,4689,1614,3075
10007085,2025SP,3663,7171,-3508
10007086,2025FA,4869,4795,74
10007087,2025FA,5363,3430,1933
10007088,2025FA,4774,2318,2456
10007089,2025FA,5763,2860,2903
10007090,2025FA,7958,3919,4039
10007090,2025SP,6626,2061,4565
10007091,2025FA,4467,2427,2040
10007091,2025SP,4799,3740,1059
10007092,2025FA,10134,1795,8339
10007092,2025SP,4850,4504,346
10007093,2025FA,5372,2988,2384
10007093,2025SP,3699,3552,147
10007094,2025FA,4703,2952,1751
10007095,2025FA,11410,5879,5531
10007096,2025FA,6157,2525,3632
10007096,2025SP,4039,6111,-2072
10007097,2025FA,9227,3517,5710
10007097,2025SP,8160,2305,5855
10007098,2025FA,6088,2841,3247
10007098,2025SP,8190,1885,6305
10007099,2025FA,4313,3138,1175
10007099,2025SP,4882,3468,1414
10007100,2025FA,5892,1208,4684
10007100,2025SP,6695,3302,3393
10007101,2025FA,4800,6146,-1346
10007102,2025FA,10591,6200,4391
10007102,2025SP,4949,2832,2117
10007103,2025FA,8791,7970,821
10007104,2025FA,4385,5076,-691
10007105,2025FA,6096,5442,654
10007105,2025SP,8200,1862,6338
10007106,2025FA,5409,3358,2051
10007107,2025FA,5135,2741,2394
10007108,2025FA,4786,1757,3029
10007108,2025SP,5172,5211,-39
10007109,2025FA,4555,1001,3554
10007110,2025FA,4466,2759,1707
10007111,2025FA,5613,562,5051
10007112,2025FA,4823,4371,452
10007113,2025FA,6695,6723,-28
10007113,2025SP,6722,8273,-1551
10007114,2025FA,8804,5822,2982
10007114,2025SP,5954,2275,3679
10007115,2025FA,5863,2797,3066
10007116,2025FA,9886,3219,6667
10007117,2025FA,6135,4336,1799
10007118,2025FA,4385,6023,-1638
10007118,2025SP,4900,6572,-1672
10007119,2025FA,6314,1548,4766
10007120,2025FA,9445,2507,6938
10007120,2025SP,4868,3822,1046
10007121,2025FA,4501,4564,-63
10007121,2025SP,5042,5355,-313
10007122,2025FA,4484,2414,2070
10007123,2025FA,5282,4027,1255
10007124,2025FA,4831,3273,1558
10007125,2025FA,4809,5600,-791
10007125,2025SP,5024,2929,2095
10007126,2025FA,10539,4669,5870
10007127,2025FA,5570,5816,-246
10007128,2025FA,6562,5067,1495
10007128,2025SP,5229,2371,2858
10007129,2025FA,4922,1272,3650
10007129,2025SP,4887,1515,3372
10007130,2025FA,5237,3101,2136
10007131,2025FA,8781,2998,5783
10007132,2025FA,5158,2806,2352
10007132,2025SP,5416,3633,1783
10007133,2025FA,4768,226,4542
10007134,2025FA,5709,4063,1646
10007135,2025FA,4399,5148,-749
10007136,2025FA,5854,1268,4586
10007137,2025FA,4528,6635,-2107
10007138,2025FA,4833,1439,3394
10007138,2025SP,4307,3897,410
10007139,2025FA,6313,4327,1986
10007140,2025FA,8594,4011,4583
10007141,2025FA,4849,5282,-433
10007141,2025SP,3641,2389,1252
10007142,2025FA,10083,5447,4636
10007142,2025SP,3773,1571,2202
10007143,2025FA,11312,2607,8705
10007144,2025FA,4929,1044,3885
10007144,2025SP,3742,1027,2715
10007145,2025FA,12064,4613,7451
10007146,2025FA,6141,4299,1842
10007147,2025FA,4396,1009,3387
10007147,2025SP,4752,2843,1909
10007148,2025FA,10747,3702,7045
10007148,2025SP,3652,2798,854
10007149,2025FA,8075,3841,4234
10007150,2025FA,4809,2771,2038
10007151,2025FA,6666,3655,3011
10007152,2025FA,4348,2292,2056
10007153,2025FA,5507,1905,3602
10007154,2025FA,5212,2807,2405
10007155,2025FA,8834,227,8607
10007156,2025FA,6092,3467,2625
10007157,2025FA,6113,3436,2677
10007157,2025SP,8142,3196,4946
10007158,2025FA,8171,2267,5904
10007159,2025FA,6541,3147,3394
10007160,2025FA,4363,563,3800
10007160,2025SP,4061,4039,22
10007161,2025FA,5287,839,4448
10007162,2025FA,6430,911,5519
10007163,2025FA,6904,4171,2733
10007164,2025FA,4822,2649,2173
10007165,2025FA,5046,7151,-2105
10007166,2025FA,5396,3852,1544
10007167,2025FA,9257,3342,5915
10007168,2025FA,4813,3593,1220
10007168,2025SP,6655,4114,2541
10007169,2025FA,4818,2447,2371
10007170,2025FA,9862,2403,7459
10007171,2025FA,7926,5061,2865
10007172,2025FA,5769,3581,2188
10007173,2025FA,12594,1353,11241
10007174,2025FA,4671,4143,528
10007175,2025FA,6064,1825,4239
10007176,2025FA,10125,1145,8980
10007176,2025SP,9270,2925,6345
10007177,2025FA,5228,5116,112
10007178,2025FA,11809,1747,10062
10007179,2025FA,4654,4057,597
10007180,2025FA,4728,2816,1912
10007180,2025SP,3303,2392,911
10007181,2025FA,6245,4914,1331
10007181,2025SP,8660,4201,4459
10007182,2025FA,4512,4334,178
10007183,2025FA,4587,2838,1749
10007184,2025FA,5069,7304,-2235
10007184,2025SP,4938,1874,3064
10007185,2025FA,8615,2357,6258
10007186,2025FA,4936,4039,897
10007187,2025FA,9985,1867,8118
10007187,2025SP,6817,4164,2653
10007188,2025FA,9980,1822,8158
10007189,2025FA,5445,2126,3319
10007190,2025FA,8841,2296,6545
10007191,2025FA,4366,6438,-2072
10007192,2025FA,5705,8043,-2338
10007193,2025FA,5823,1392,4431
10007194,2025FA,10138,4157,5981
10007195,2025FA,8777,1956,6821
10007196,2025FA,10699,4078,6621
10007197,2025FA,4942,1866,3076
10007197,2025SP,4521,3180,1341
10007198,2025FA,4654,3032,1622
10007199,2025FA,4912,3725,1187
10007199,2025SP,4886,4689,197
10007200,2025FA,6186,2062,4124
10007200,2025SP,8676,1755,6921
10007201,2025FA,4420,3643,777
10007202,2025FA,4819,4966,-147
10007202,2025SP,4685,6323,-1638
10007203,2025FA,6166,6763,-597
10007204,2025FA,9347,2824,6523
10007204,2025SP,3602,3701,-99
10007205,2025FA,4802,953,3849
10007206,2025FA,8691,444,8247
10007207,2025FA,4521,4576,-55
10007207,2025SP,3831,3102,729
10007208,2025FA,9342,6410,2932
10007209,2025FA,6212,3030,3182
10007210,2025FA,4815,2646,2169
10007211,2025FA,4659,636,4023
10007212,2025FA,10034,2241,7793
10007212,2025SP,4706,4623,83
10007213,2025FA,4820,1892,2928
10007213,2025SP,3460,7604,-4144
10007214,2025FA,6136,712,5424
10007215,2025FA,8015,6518,1497
10007216,2025FA,5962,2390,3572
10007217,2025FA,4365,6077,-1712
10007218,2025FA,10037,991,9046
10007218,2025SP,8569,2658,5911
10007219,2025FA,6294,1961,4333
10007220,2025FA,6158,777,5381
10007221,2025FA,4922,1331,3591
10007222,2025FA,5562,1430,4132
10007223,2025FA,5020,1468,3552
10007224,2025FA,5895,1287,4608
10007225,2025FA,5632,2580,3052
10007226,2025FA,8590,3834,4756
10007227,2025FA,4831,2561,2270
10007227,2025SP,8848,2022,6826
10007228,2025FA,9439,2379,7060
10007228,2025SP,8759,4472,4287
10007229,2025FA,8156,6644,1512
10007229,2025SP,9487,743,8744
10007230,2025FA,8815,1847,6968
10007230,2025SP,4062,5898,-1836
10007231,2025FA,4588,826,3762
10007232,2025FA,10034,3194,6840
10007232,2025SP,7477,1967,5510
10007233,2025FA,5583,2628,2955
10007234,2025FA,4866,5442,-576
10007235,2025FA,4530,2007,2523
10007236,2025FA,10693,1181,9512
10007237,2025FA,9276,871,8405
10007238,2025FA,5045,2988,2057
10007239,2025FA,4898,305,4593
10007239,2025SP,4502,3051,1451
10007240,2025FA,6224,2247,3977
10007241,2025FA,4740,1331,3409
10007242,2025FA,4723,1930,2793
10007242,2025SP,3479,2120,1359
10007243,2025FA,8010,3429,4581
10007243,2025SP,5253,1066,4187
10007244,2025FA,4772,1714,3058
10007245,2025FA,4682,3070,1612
10007246,2025FA,5081,2103,2978
10007247,2025FA,5867,496,5371
10007247,2025SP,3626,4184,-558
10007248,2025FA,4919,2151,2768
10007249,2025FA,11413,6000,5413
10007250,2025FA,8025,3240,4785
10007251,2025FA,4703,6075,-1372
10007252,2025FA,4723,5574,-851
10007253,2025FA,9483,4932,4551
10007253,2025SP,3387,1009,2378
10007254,2025FA,4831,3195,1636
10007254,2025SP,9314,5476,3838
10007255,2025FA,10759,3666,7093
10007255,2025SP,3951,4383,-432
10007256,2025FA,5962,6648,-686
10007256,2025SP,3789,2871,918
10007257,2025FA,5896,1361,4535
10007258,2025FA,6190,6497,-307
10007259,2025FA,9220,1416,7804
10007260,2025FA,4657,1649,3008
10007260,2025SP,8635,4705,3930
10007261,2025FA,4884,2152,2732
10007261,2025SP,7531,5171,2360
10007262,2025FA,5704,5026,678
10007262,2025SP,3617,8146,-4529
10007263,2025FA,6295,4301,1994
10007263,2025SP,5057,6410,-1353
10007264,2025FA,8840,3895,4945
10007265,2025FA,6181,2602,3579
10007265,2025SP,6188,3155,3033
10007266,2025FA,11843,1232,10611
10007267,2025FA,5970,3026,2944
10007268,2025FA,4878,1955,2923
10007268,2025SP,6603,2189,4414
10007269,2025FA,4397,2286,2111
10007270,2025FA,4747,3499,1248
10007270,2025SP,7952,4896,3056
10007271,2025FA,8195,829,7366
10007271,2025SP,3334,5352,-2018
10007272,2025FA,8080,595,7485
10007273,2025FA,6301,1639,4662
10007274,2025FA,9438,1432,8006
10007275,2025FA,5296,1633,3663
10007276,2025FA,5905,3338,2567
10007276,2025SP,5080,3972,1108
10007277,2025FA,5933,5819,114
10007278,2025FA,5119,6664,-1545
10007278,2025SP,3298,378,2920
10007279,2025FA,4729,1258,3471
10007280,2025FA,5707,2995,2712
10007281,2025FA,4755,3583,1172
10007281,2025SP,8553,4072,4481
10007282,2025FA,4744,6741,-1997
10007283,2025FA,4344,1396,2948
10007284,2025FA,5769,2963,2806
10007284,2025SP,4901,1456,3445
10007285,2025FA,8191,2497,5694
10007285,2025SP,5138,4392,746
10007286,2025FA,9456,3497,5959
10007287,2025FA,9922,1722,8200
10007288,2025FA,8677,4344,4333
10007288,2025SP,4385,2553,1832
10007289,2025FA,5104,4873,231
10007290,2025FA,9346,4073,5273
10007291,2025FA,9933,2004,7929
10007291,2025SP,3532,4429,-897
10007292,2025FA,5630,3143,2487
10007293,2025FA,5720,3601,2119
10007293,2025SP,5042,240,4802
10007294,2025FA,4746,4653,93
10007295,2025FA,5877,2627,3250
10007296,2025FA,5783,1965,3818
10007297,2025FA,5039,1509,3530
10007297,2025SP,4412,3551,861
10007298,2025FA,5121,2502,2619
10007299,2025FA,5650,2088,3562
10007299,2025SP,10062,3023,7039
10007300,2025FA,4846,3614,1232
10007300,2025SP,5109,3658,1451
10007301,2025FA,4343,7211,-2868
10007301,2025SP,8651,3033,5618
10007302,2025FA,4677,1529,3148
10007303,2025FA,8560,3142,5418
10007303,2025SP,4570,384,4186
10007304,2025FA,8817,1953,6864
10007305,2025FA,6693,3994,2699
10007306,2025FA,8153,2574,5579
10007306,2025SP,4822,3203,1619
10007307,2025FA,9882,4970,4912
10007308,2025FA,5090,3805,1285
10007308,2025SP,4430,1223,3207
10007309,2025FA,10611,2585,8026
10007310,2025FA,4797,2151,2646
10007310,2025SP,8587,4184,4403
10007311,2025FA,9408,409,8999
10007312,2025FA,12037,2648,9389
10007313,2025FA,9856,5870,3986
10007314,2025FA,4744,4585,159
10007314,2025SP,8796,1876,6920
10007315,2025FA,4709,5736,-1027
10007315,2025SP,5365,6156,-791
10007316,2025FA,11253,4333,6920
10007317,2025FA,6178,2784,3394
10007318,2025FA,6343,2826,3517
10007319,2025FA,7982,2439,5543
10007320,2025FA,9351,1131,8220
10007321,2025FA,4933,3051,1882
10007321,2025SP,4941,2523,2418
10007322,2025FA,8001,2464,5537
10007323,2025FA,4727,6251,-1524
10007324,2025FA,4803,2944,1859
10007325,2025FA,8764,2107,6657
10007325,2025SP,6658,1942,4716
10007326,2025FA,11184,2375,8809
10007327,2025FA,6185,3408,2777
10007327,2025SP,5528,3529,1999
10007328,2025FA,8633,3434,5199
10007328,2025SP,4675,3358,1317
10007329,2025FA,5996,3623,2373
10007330,2025FA,4675,3091,1584
10007330,2025SP,3729,2771,958
10007331,2025FA,6144,3285,2859
10007332,2025FA,5945,1410,4535
10007332,2025SP,5171,6184,-1013
10007333,2025FA,5923,6336,-413
10007333,2025SP,4178,381,3797
10007334,2025FA,8720,958,7762
10007334,2025SP,3763,1808,1955
10007335,2025FA,4688,1840,2848
10007336,2025FA,5585,4497,1088
10007337,2025FA,9452,495,8957
10007337,2025SP,3832,4532,-700
10007338,2025FA,5088,1023,4065
10007338,2025SP,6130,3476,2654
10007339,2025FA,4661,3344,1317
10007340,2025FA,4942,3461,1481
10007340,2025SP,3452,1972,1480
10007341,2025FA,10058,3309,6749
10007341,2025SP,8820,2502,6318
10007342,2025FA,5288,2615,2673
10007342,2025SP,3455,603,2852
10007343,2025FA,5832,3684,2148
10007344,2025FA,5038,3491,1547
10007345,2025FA,5584,1297,4287
10007346,2025FA,4709,4149,560
10007347,2025FA,7991,4642,3349
10007347,2025SP,3820,1327,2493
10007348,2025FA,4701,3944,757
10007348,2025SP,3483,4459,-976
10007349,2025FA,5773,2862,2911
10007349,2025SP,3833,3615,218
10007350,2025FA,10662,3517,7145
10007350,2025SP,9229,3123,6106
10007351,2025FA,5293,1916,3377
10007351,2025SP,5137,4917,220
10007352,2025FA,9431,2538,6893
10007353,2025FA,5735,5967,-232
10007354,2025FA,9278,3485,5793
10007354,2025SP,3771,3111,660
10007355,2025FA,9388,1410,7978
10007356,2025FA,4327,1399,2928
10007357,2025FA,5534,5865,-331
10007358,2025FA,4691,7109,-2418
10007358,2025SP,6011,3292,2719
10007359,2025FA,5461,5053,408
10007359,2025SP,9499,3481,6018
10007360,2025FA,5197,3657,1540
10007361,2025FA,5859,5887,-28
10007361,2025SP,4932,5963,-1031
10007362,2025FA,10597,1983,8614
10007362,2025SP,9242,230,9012
10007363,2025FA,4691,2234,2457
10007363,2025SP,3975,1792,2183
10007364,2025FA,9466,533,8933
10007365,2025FA,4405,275,4130
10007365,2025SP,8708,2885,5823
10007366,2025FA,8078,1899,6179
10007366,2025SP,5448,250,5198
10007367,2025FA,5599,4724,875
10007367,2025SP,6799,6001,798
10007368,2025FA,5271,1974,3297
10007369,2025FA,8070,2404,5666
10007369,2025SP,3501,3706,-205
10007370,2025FA,6310,5286,1024
10007370,2025SP,4804,4206,598
10007371,2025FA,9354,4466,4888
10007372,2025FA,4363,4261,102
10007373,2025FA,11203,3692,7511
10007373,2025SP,4733,1723,3010
10007374,2025FA,4842,424,4418
10007375,2025FA,9322,1853,7469
10007375,2025SP,4659,784,3875
10007376,2025FA,4426,4543,-117
10007376,2025SP,5275,3056,2219
10007377,2025FA,11264,1968,9296
10007378,2025FA,5505,4026,1479
10007378,2025SP,3435,5644,-2209
10007379,2025FA,4685,1689,2996
10007379,2025SP,4759,2320,2439
10007380,2025FA,4389,3805,584
10007380,2025SP,3886,1164,2722
10007381,2025FA,9333,3159,6174
10007382,2025FA,6288,4065,2223
10007383,2025FA,5253,4170,1083
10007383,2025SP,3379,3868,-489
10007384,2025FA,4309,2955,1354
10007385,2025FA,9890,3329,6561
10007386,2025FA,6147,2572,3575
10007386,2025SP,3308,2764,544
10007387,2025FA,11152,477,10675
10007388,2025FA,9331,4865,4466
10007388,2025SP,9209,4677,4532
10007389,2025FA,5747,870,4877
10007390,2025FA,4830,1202,3628
10007390,2025SP,6802,3052,3750
10007391,2025FA,5136,5419,-283
10007391,2025SP,4159,5389,-1230
10007392,2025FA,5895,3772,2123
10007392,2025SP,4673,3751,922
10007393,2025FA,11211,4201,7010
10007393,2025SP,3507,3890,-383
10007394,2025FA,9301,3610,5691
10007395,2025FA,4802,2196,2606
10007395,2025SP,3650,2696,954
10007396,2025FA,5181,2840,2341
10007397,2025FA,4947,2656,2291
10007397,2025SP,4081,2884,1197
10007398,2025FA,5575,824,4751
10007398,2025SP,3724,4824,-1100
10007399,2025FA,11358,1656,9702
10007399,2025SP,7357,4964,2393
10007400,2025FA,5141,5579,-438
10007401,2025FA,8616,2912,5704
10007401,2025SP,10130,2219,7911
10007402,2025FA,6858,2494,4364
10007403,2025FA,5824,4307,1517
10007403,2025SP,3371,583,2788
10007404,2025FA,10577,877,9700
10007405,2025FA,6305,5074,1231
10007406,2025FA,8607,2624,5983
10007406,2025SP,5123,420,4703
10007407,2025FA,5066,2017,3049
10007408,2025FA,4836,2442,2394
10007409,2025FA,6199,4697,1502
10007410,2025FA,4845,5257,-412
10007410,2025SP,4654,2601,2053
10007411,2025FA,5454,3123,2331
10007412,2025FA,6171,2654,3517
10007413,2025FA,5973,1666,4307
10007414,2025FA,5985,4712,1273
10007415,2025FA,5625,1987,3638
10007416,2025FA,9271,4597,4674
10007416,2025SP,4480,3256,1224
10007417,2025FA,6233,4234,1999
10007418,2025FA,11228,1744,9484
10007419,2025FA,4877,1355,3522
10007419,2025SP,4153,5042,-889
10007420,2025FA,6150,2921,3229
10007421,2025FA,4786,7641,-2855
10007422,2025FA,8637,3478,5159
10007423,2025FA,4818,6351,-1533
10007424,2025FA,9406,4224,5182
10007424,2025SP,6139,2855,3284
10007425,2025FA,10086,3037,7049
10007425,2025SP,4541,2673,1868
10007426,2025FA,5221,4800,421
10007426,2025SP,6648,1505,5143
10007427,2025FA,9467,2601,6866
10007428,2025FA,5291,4654,637
10007428,2025SP,4919,1441,3478
10007429,2025FA,4598,7453,-2855
10007430,2025FA,6104,2575,3529
10007431,2025FA,6319,4772,1547
10007432,2025FA,4714,1670,3044
10007433,2025FA,5586,2916,2670
10007433,2025SP,5120,1637,3483
10007434,2025FA,4573,5739,-1166
10007435,2025FA,11422,3352,8070
10007436,2025FA,4682,5092,-410
10007436,2025SP,3461,4706,-1245
10007437,2025FA,6276,2887,3389
10007437,2025SP,7374,2394,4980
10007438,2025FA,4363,3216,1147
10007439,2025FA,5293,3069,2224
10007439,2025SP,3998,5203,-1205
10007440,2025FA,8602,3440,5162
10007441,2025FA,4816,944,3872
10007442,2025FA,4663,1191,3472
10007442,2025SP,6647,3016,3631
10007443,2025FA,7988,1796,6192
10007444,2025FA,5156,3616,1540
10007445,2025FA,9364,2755,6609
10007446,2025FA,8578,2962,5616
10007446,2025SP,5049,4206,843
10007447,2025FA,5382,3066,2316
10007448,2025FA,5844,2134,3710
10007449,2025FA,4933,5145,-212
10007449,2025SP,6651,4938,1713
10007450,2025FA,6474,4533,1941
10007450,2025SP,3676,1694,1982
10007451,2025FA,4739,4492,247
10007451,2025SP,4709,5986,-1277
10007452,2025FA,10625,3407,7218
10007452,2025SP,8633,3535,5098
10007453,2025FA,5126,492,4634
10007454,2025FA,5471,773,4698
10007455,2025FA,5091,2614,2477
10007455,2025SP,8099,4297,3802
10007456,2025FA,4813,3502,1311
10007457,2025FA,10091,2220,7871
10007457,2025SP,4788,3426,1362
10007458,2025FA,4773,794,3979
10007458,2025SP,3823,2955,868
10007459,2025FA,10578,1985,8593
10007460,2025FA,9897,5845,4052
10007460,2025SP,7929,3077,4852
10007461,2025FA,5013,3595,1418
10007462,2025FA,4776,874,3902
10007462,2025SP,8570,1971,6599
10007463,2025FA,4669,2746,1923
10007463,2025SP,3787,2982,805
10007464,2025FA,5987,1531,4456
10007465,2025FA,4577,4931,-354
10007465,2025SP,3784,2133,1651
10007466,2025FA,4885,2939,1946
10007467,2025FA,5226,824,4402
10007467,2025SP,6239,5814,425
10007468,2025FA,4513,3831,682
10007468,2025SP,4876,2210,2666
10007469,2025FA,4698,6529,-1831
10007470,2025FA,5065,1780,3285
10007470,2025SP,6698,2883,3815
10007471,2025FA,4583,5015,-432
10007472,2025FA,5830,1773,4057
10007473,2025FA,8713,1629,7084
10007473,2025SP,4167,5380,-1213
10007474,2025FA,10730,3168,7562
10007475,2025FA,5846,8164,-2318
10007476,2025FA,5075,3079,1996
10007477,2025FA,4745,2176,2569
10007478,2025FA,5758,2568,3190
10007478,2025SP,5288,5447,-159
10007479,2025FA,5286,5031,255
10007479,2025SP,4394,3474,920
10007480,2025FA,5722,6417,-695
10007481,2025FA,4939,3299,1640
10007482,2025FA,8016,5776,2240
10007482,2025SP,3725,2731,994
10007483,2025FA,8651,4674,3977
10007484,2025FA,10751,297,10454
10007485,2025FA,5048,1950,3098
10007486,2025FA,5156,5490,-334
10007487,2025FA,5612,7696,-2084
10007488,2025FA,12054,2698,9356
10007489,2025FA,8566,5317,3249
10007489,2025SP,3471,5388,-1917
10007490,2025FA,5472,4048,1424
10007491,2025FA,6079,1432,4647
10007492,2025FA,5384,4635,749
10007492,2025SP,3717,493,3224
10007493,2025FA,4740,3823,917
10007494,2025FA,6312,2588,3724
10007494,2025SP,6776,2556,4220
10007495,2025FA,4812,1338,3474
10007496,2025FA,5557,1830,3727
10007497,2025FA,5451,4137,1314
10007497,2025SP,4754,2288,2466
10007498,2025FA,5075,2049,3026
10007499,2025FA,6476,4745,1731
10007500,2025FA,9353,1694,7659
10007500,2025SP,6215,1839,4376
10007501,2025FA,5607,3439,2168
10007502,2025FA,4588,3662,926
10007502,2025SP,8117,3040,5077
10007503,2025FA,4657,3699,958
10007504,2025FA,4811,4527,284
10007504,2025SP,4130,5192,-1062
10007505,2025FA,6221,765,5456
10007505,2025SP,9377,2625,6752
10007506,2025FA,8587,2984,5603
10007507,2025FA,9344,2148,7196
10007508,2025FA,5596,3997,1599
10007509,2025FA,9242,2412,6830
10007510,2025FA,11293,4068,7225
10007511,2025FA,4928,6187,-1259
10007511,2025SP,3267,2148,1119
10007512,2025FA,8605,5314,3291
10007513,2025FA,5167,3434,1733
10007514,2025FA,4754,3425,1329
10007515,2025FA,5745,2950,2795
10007515,2025SP,4881,2848,2033
10007516,2025FA,5389,8129,-2740
10007516,2025SP,3762,2539,1223
10007517,2025FA,4943,4858,85
10007517,2025SP,3869,3009,860
10007518,2025FA,5176,2739,2437
10007519,2025FA,8786,2819,5967
10007519,2025SP,4332,4731,-399
10007520,2025FA,4674,4401,273
10007521,2025FA,5713,2854,2859
10007522,2025FA,8709,5831,2878
10007522,2025SP,4058,6419,-2361
10007523,2025FA,4440,1531,2909
10007524,2025FA,6291,967,5324
10007525,2025FA,9977,7946,2031
10007525,2025SP,5217,5893,-676
10007526,2025FA,11360,3073,8287
10007526,2025SP,4209,1902,2307
10007527,2025FA,6115,3353,2762
10007528,2025FA,5812,3565,2247
10007528,2025SP,4764,1422,3342
10007529,2025FA,8628,390,8238
10007529,2025SP,7361,5373,1988
10007530,2025FA,11387,291,11096
10007531,2025FA,9399,2862,6537
10007532,2025FA,9425,4514,4911
10007533,2025FA,5437,9192,-3755
10007533,2025SP,9259,3087,6172
10007534,2025FA,10593,2365,8228
10007534,2025SP,5203,4752,451
10007535,2025FA,5176,1765,3411
10007536,2025FA,8694,2833,5861
10007537,2025FA,4526,2988,1538
10007538,2025FA,8721,1615,7106
10007539,2025FA,10564,2436,8128
10007540,2025FA,9318,2728,6590
10007541,2025FA,9924,6066,3858
10007542,2025FA,9886,5150,4736
10007542,2025SP,4872,2836,2036
10007543,2025FA,11982,1873,10109
10007543,2025SP,4671,4055,616
10007544,2025FA,9453,2653,6800
10007545,2025FA,9900,3948,5952
10007545,2025SP,6079,1837,4242
10007546,2025FA,6195,2913,3282
10007547,2025FA,6261,5760,501
10007547,2025SP,7537,2628,4909
10007548,2025FA,4848,5189,-341
10007548,2025SP,4743,3336,1407
10007549,2025FA,5954,286,5668
10007549,2025SP,5259,3150,2109
10007550,2025FA,5158,2483,2675
10007551,2025FA,4350,4899,-549
10007552,2025FA,8746,3843,4903
10007553,2025FA,8550,3759,4791
10007554,2025FA,5230,3889,1341
10007554,2025SP,3362,5879,-2517
10007555,2025FA,4699,3785,914
10007556,2025FA,5022,6603,-1581
10007557,2025FA,5178,1802,3376
10007557,2025SP,8616,1870,6746
10007558,2025FA,6406,4578,1828
10007559,2025FA,5585,2624,2961
10007560,2025FA,10737,4652,6085
10007561,2025FA,9885,3674,6211
10007561,2025SP,3662,382,3280
10007562,2025FA,4903,3273,1630
10007562,2025SP,4421,4940,-519
10007563,2025FA,4728,4527,201
10007564,2025FA,6128,2395,3733
10007565,2025FA,5136,1970,3166
10007566,2025FA,5723,3578,2145
10007567,2025FA,5784,3473,2311
10007568,2025FA,5633,5825,-192
10007569,2025FA,4446,3905,541
10007570,2025FA,6127,1807,4320
10007571,2025FA,9405,2899,6506
10007572,2025FA,4916,3045,1871
10007573,2025FA,5013,3279,1734
10007574,2025FA,4344,2347,1997
10007575,2025FA,4874,4324,550
10007576,2025FA,9500,3991,5509
10007576,2025SP,5431,6602,-1171
10007577,2025FA,5369,2745,2624
10007578,2025FA,5444,6655,-1211
10007578,2025SP,6236,3452,2784
10007579,2025FA,9239,3645,5594
10007580,2025FA,4880,1571,3309
10007581,2025FA,6498,3435,3063
10007582,2025FA,5139,2904,2235
10007582,2025SP,8634,718,7916
10007583,2025FA,6655,1466,5189
10007584,2025FA,5809,3648,2161
10007585,2025FA,5186,5839,-653
10007586,2025FA,8186,1973,6213
10007586,2025SP,4550,2783,1767
10007587,2025FA,5906,2996,2910
10007587,2025SP,3364,3519,-155
10007588,2025FA,4809,1107,3702
10007589,2025FA,11996,1688,10308
10007590,2025FA,4874,5188,-314
10007590,2025SP,5592,3260,2332
10007591,2025FA,5155,566,4589
10007592,2025FA,4894,2612,2282
10007593,2025FA,5250,1972,3278
10007594,2025FA,10607,3556,7051
10007595,2025FA,11428,3843,7585
10007596,2025FA,5083,4409,674
10007596,2025SP,6859,2929,3930
10007597,2025FA,4712,5917,-1205
10007598,2025FA,10546,3583,6963
10007598,2025SP,3255,1913,1342
10007599,2025FA,11153,1247,9906
10007600,2025FA,8755,2804,5951
10007600,2025SP,8559,2587,5972
10007601,2025FA,9367,3853,5514
10007602,2025FA,6342,5032,1310
10007603,2025FA,5897,3069,2828
10007603,2025SP,3543,2648,895
10007604,2025FA,5185,6381,-1196
10007605,2025FA,8805,3957,4848
10007606,2025FA,4863,2737,2126
10007607,2025FA,4724,1406,3318
10007608,2025FA,5474,3786,1688
10007608,2025SP,3480,1246,2234
10007609,2025FA,4875,4516,359
10007610,2025FA,9203,2795,6408
10007611,2025FA,6130,2543,3587
10007611,2025SP,4483,1777,2706
10007612,2025FA,8769,2039,6730
10007613,2025FA,4689,4434,255
10007614,2025FA,8088,6248,1840
10007615,2025FA,7929,3596,4333
10007616,2025FA,9884,1014,8870
10007617,2025FA,11239,3888,7351
10007617,2025SP,5375,4721,654
10007618,2025FA,8681,3895,4786
10007618,2025SP,4452,5633,-1181
10007619,2025FA,6184,8050,-1866
10007619,2025SP,6249,2037,4212
10007620,2025FA,5540,4690,850
10007620,2025SP,9860,2577,7283
10007621,2025FA,4393,3939,454
10007621,2025SP,3884,4256,-372
10007622,2025FA,5477,2641,2836
10007622,2025SP,4231,3392,839
10007623,2025FA,6204,6649,-445
10007624,2025FA,4913,4059,854
10007624,2025SP,8739,253,8486
10007625,2025FA,10772,3889,6883
10007626,2025FA,4727,5345,-618
10007626,2025SP,4413,374,4039
10007627,2025FA,5159,1331,3828
10007628,2025FA,4798,4213,585
10007629,2025FA,5020,1220,3800
10007630,2025FA,9402,4608,4794
10007630,2025SP,6678,1023,5655
10007631,2025FA,6331,594,5737
10007632,2025FA,5766,4902,864
10007632,2025SP,5058,5290,-232
10007633,2025FA,4679,2798,1881
10007634,2025FA,5712,2986,2726
10007634,2025SP,3390,5024,-1634
10007635,2025FA,10590,283,10307
10007636,2025FA,4793,5887,-1094
10007637,2025FA,4781,2456,2325
10007637,2025SP,5205,1970,3235
10007638,2025FA,6406,4474,1932
10007638,2025SP,4923,4919,4
10007639,2025FA,4375,2450,1925
10007640,2025FA,5276,4088,1188
10007640,2025SP,5959,2260,3699
10007641,2025FA,6692,3426,3266
10007642,2025FA,4834,5046,-212
10007642,2025SP,4848,4185,663
10007643,2025FA,4471,3862,609
10007644,2025FA,10520,1634,8886
10007644,2025SP,3285,5112,-1827
10007645,2025FA,9499,2591,6908
10007646,2025FA,5037,4684,353
10007646,2025SP,9464,584,8880
10007647,2025FA,6238,1107,5131
10007648,2025FA,8802,606,8196
10007649,2025FA,7982,2535,5447
10007649,2025SP,4704,5290,-586
10007650,2025FA,4843,2717,2126
10007651,2025FA,4384,2903,1481
10007651,2025SP,5513,6865,-1352
10007652,2025FA,11156,845,10311
10007652,2025SP,5622,3089,2533
10007653,2025FA,5818,3386,2432
10007653,2025SP,6619,3908,2711
10007654,2025FA,5241,3099,2142
10007654,2025SP,3673,3405,268
10007655,2025FA,11330,2912,8418
10007656,2025FA,5267,4418,849
10007657,2025FA,5101,1319,3782
10007658,2025FA,9945,399,9546
10007659,2025FA,8553,2022,6531
10007660,2025FA,8640,7388,1252
10007661,2025FA,5544,6057,-513
10007661,2025SP,6093,3905,2188
10007662,2025FA,4436,1531,2905
10007662,2025SP,4073,2558,1515
10007663,2025FA,4905,2100,2805
10007664,2025FA,9325,6084,3241
10007664,2025SP,9291,3333,5958
10007665,2025FA,6643,3267,3376
10007665,2025SP,4413,3503,910
10007666,2025FA,8031,2291,5740
10007666,2025SP,4536,2839,1697
10007667,2025FA,4342,3321,1021
10007667,2025SP,4194,5574,-1380
10007668,2025FA,5290,2071,3219
10007669,2025FA,4837,2923,1914
10007670,2025FA,6220,6159,61
10007670,2025SP,3852,6160,-2308
10007671,2025FA,5225,1539,3686
10007672,2025FA,4441,270,4171
10007672,2025SP,3890,841,3049
10007673,2025FA,8697,3066,5631
10007674,2025FA,6422,3561,2861
10007674,2025SP,4820,3011,1809
10007675,2025FA,4660,3284,1376
10007675,2025SP,5233,1402,3831
10007676,2025FA,11154,1653,9501
10007676,2025SP,6151,4328,1823
10007677,2025FA,6108,6131,-23
10007678,2025FA,8765,3162,5603
10007679,2025FA,8812,7497,1315
10007680,2025FA,5248,5634,-386
10007681,2025FA,5634,3372,2262
10007682,2025FA,4480,2883,1597
10007683,2025FA,8681,1912,6769
10007683,2025SP,5246,2912,2334
10007684,2025FA,9304,2855,6449
10007685,2025FA,4918,6134,-1216
10007685,2025SP,5066,3214,1852
10007686,2025FA,4906,456,4450
10007686,2025SP,4942,3363,1579
10007687,2025FA,7945,3628,4317
10007687,2025SP,4914,3665,1249
10007688,2025FA,4672,2523,2149
10007689,2025FA,4591,4267,324
10007689,2025SP,6004,283,5721
10007690,2025FA,4531,5611,-1080
10007690,2025SP,8820,5602,3218
10007691,2025FA,9914,3302,6612
10007692,2025FA,10716,4524,6192
10007693,2025FA,9375,2165,7210
10007694,2025FA,8563,1371,7192
10007694,2025SP,3701,3212,489
10007695,2025FA,10618,3560,7058
10007696,2025FA,4750,1950,2800
10007697,2025FA,4440,517,3923
10007697,2025SP,3742,2631,1111
10007698,2025FA,4858,2295,2563
10007698,2025SP,3658,1658,2000
10007699,2025FA,4846,3191,1655
10007700,2025FA,4943,4873,70
10007701,2025FA,4341,2838,1503
10007702,2025FA,5638,2541,3097
10007702,2025SP,3898,3502,396
10007703,2025FA,4720,6658,-1938
10007704,2025FA,4380,3735,645
10007705,2025FA,8079,431,7648
10007705,2025SP,3643,3248,395
10007706,2025FA,5173,2124,3049
10007706,2025SP,4530,2119,2411
10007707,2025FA,5757,1167,4590
10007707,2025SP,3886,5617,-1731
10007708,2025FA,8125,3208,4917
10007709,2025FA,5775,3409,2366
10007710,2025FA,8093,2645,5448
10007710,2025SP,4652,3464,1188
10007711,2025FA,5146,3392,1754
10007711,2025SP,4724,3544,1180
10007712,2025FA,8578,1896,6682
10007713,2025FA,8102,4307,3795
10007713,2025SP,3703,6202,-2499
10007714,2025FA,5486,3582,1904
10007715,2025FA,9269,3840,5429
10007716,2025FA,4847,2017,2830
10007717,2025FA,5016,2832,2184
10007717,2025SP,3831,2999,832
10007718,2025FA,4745,2733,2012
10007719,2025FA,8598,5580,3018
10007719,2025SP,9337,3469,5868
10007720,2025FA,8177,7060,1117
10007721,2025FA,5967,2525,3442
10007722,2025FA,4926,4085,841
10007723,2025FA,5218,2944,2274
10007724,2025FA,5435,5227,208
10007725,2025FA,4369,1971,2398
10007725,2025SP,6634,286,6348
10007726,2025FA,7926,4703,3223
10007727,2025FA,4359,1188,3171
10007727,2025SP,5287,6380,-1093
10007728,2025FA,11878,1723,10155
10007728,2025SP,6645,537,6108
10007729,2025FA,6301,3609,2692
10007730,2025FA,9473,3110,6363
10007731,2025FA,8770,711,8059
10007732,2025FA,5088,681,4407
10007732,2025SP,5066,6991,-1925
10007733,2025FA,5127,1615,3512
10007734,2025FA,9222,3506,5716
10007735,2025FA,4802,3471,1331
10007736,2025FA,4838,5113,-275
10007736,2025SP,3425,1598,1827
10007737,2025FA,5226,2759,2467
10007738,2025FA,5238,1803,3435
10007738,2025SP,4850,4419,431
10007739,2025FA,4339,1799,2540
10007739,2025SP,5190,1153,4037
10007740,2025FA,8570,1544,7026
10007741,2025FA,5993,956,5037
10007742,2025FA,6207,4126,2081
10007743,2025FA,4815,1232,3583
10007744,2025FA,5004,4887,117
10007745,2025FA,7938,4663,3275
10007745,2025SP,6851,4908,1943
10007746,2025FA,5940,3280,2660
10007746,2025SP,4814,4966,-152
10007747,2025FA,8125,3872,4253
10007747,2025SP,5961,533,5428
10007748,2025FA,4784,3675,1109
10007748,2025SP,4130,4770,-640
10007749,2025FA,4553,2819,1734
10007749,2025SP,3832,2224,1608
10007750,2025FA,5434,1519,3915
10007750,2025SP,6895,1528,5367
10007751,2025FA,4774,2755,2019
10007752,2025FA,8791,6573,2218
10007753,2025FA,4362,1823,2539
10007754,2025FA,5832,1875,3957
10007755,2025FA,5197,4269,928
10007756,2025FA,9281,3884,5397
10007757,2025FA,5455,203,5252
10007758,2025FA,8057,1586,6471
10007759,2025FA,5899,919,4980
10007760,2025FA,4765,3747,1018
10007761,2025FA,4906,3980,926
10007762,2025FA,10635,4280,6355
10007763,2025FA,5231,6259,-1028
10007764,2025FA,4738,4201,537
10007765,2025FA,4307,4748,-441
10007765,2025SP,3261,1161,2100
10007766,2025FA,6216,4726,1490
10007767,2025FA,6343,3250,3093
10007768,2025FA,4859,1452,3407
10007768,2025SP,5047,3345,1702
10007769,2025FA,9385,2940,6445
10007770,2025FA,11284,7469,3815
10007770,2025SP,9908,3395,6513
10007771,2025FA,6979,4214,2765
10007772,2025FA,9472,4188,5284
10007772,2025SP,4855,3719,1136
10007773,2025FA,5092,1473,3619
10007774,2025FA,4425,5439,-1014
10007774,2025SP,6896,1325,5571
10007775,2025FA,4449,903,3546
10007776,2025FA,10012,3791,6221
10007776,2025SP,3819,2277,1542
10007777,2025FA,5855,5640,215
10007778,2025FA,11231,4998,6233
10007779,2025FA,8800,2129,6671
10007779,2025SP,3854,1952,1902
10007780,2025FA,4837,4197,640
10007781,2025FA,4654,1320,3334
10007782,2025FA,5773,3197,2576
10007783,2025FA,5621,5742,-121
10007784,2025FA,4772,534,4238
10007784,2025SP,4415,3064,1351
10007785,2025FA,4697,4162,535
10007786,2025FA,8687,6520,2167
10007786,2025SP,5524,4627,897
10007787,2025FA,4874,1829,3045
10007788,2025FA,5853,5085,768
10007788,2025SP,3846,6389,-2543
10007789,2025FA,11284,2921,8363
10007789,2025SP,4950,6323,-1373
10007790,2025FA,5515,2360,3155
10007791,2025FA,5732,2575,3157
10007792,2025FA,5734,3953,1781
10007792,2025SP,7390,2392,4998
10007793,2025FA,5496,1805,3691
10007794,2025FA,6071,2541,3530
10007795,2025FA,5700,2452,3248
10007796,2025FA,11288,5816,5472
10007797,2025FA,4824,3967,857
10007797,2025SP,4379,4058,321
10007798,2025FA,4404,1139,3265
10007799,2025FA,4303,4229,74
10007800,2025FA,5737,4992,745
10007800,2025SP,4877,6441,-1564
10007801,2025FA,4768,3521,1247
10007802,2025FA,10784,3345,7439
10007803,2025FA,5543,5040,503
10007803,2025SP,4587,3763,824
10007804,2025FA,8173,4449,3724
10007804,2025SP,3697,3946,-249
10007805,2025FA,5125,2089,3036
10007806,2025FA,4386,6436,-2050
10007807,2025FA,5477,5256,221
10007808,2025FA,10006,225,9781
10007808,2025SP,5524,3728,1796
10007809,2025FA,6325,2199,4126
10007810,2025FA,4776,3354,1422
10007811,2025FA,4897,3675,1222
10007811,2025SP,5027,2700,2327
10007812,2025FA,4697,4661,36
10007813,2025FA,5237,2315,2922
10007814,2025FA,9224,2096,7128
10007815,2025FA,4925,2533,2392
10007816,2025FA,4539,5342,-803
10007817,2025FA,6322,3491,2831
10007818,2025FA,5480,1847,3633
10007819,2025FA,5401,1396,4005
10007820,2025FA,5992,311,5681
10007821,2025FA,4519,3306,1213
10007822,2025FA,7953,3866,4087
10007823,2025FA,4762,2104,2658
10007824,2025FA,10583,2824,7759
10007825,2025FA,4826,4741,85
10007826,2025FA,5999,2522,3477
10007827,2025FA,9268,6377,2891
10007827,2025SP,5027,2582,2445
10007828,2025FA,4738,2906,1832
10007828,2025SP,6846,1642,5204
10007829,2025FA,4507,2170,2337
10007829,2025SP,8810,3092,5718
10007830,2025FA,5115,1801,3314
10007830,2025SP,5785,2933,2852
10007831,2025FA,6110,700,5410
10007831,2025SP,4386,3884,502
10007832,2025FA,11221,6058,5163
10007832,2025SP,3813,4680,-867
10007833,2025FA,4790,3783,1007
10007833,2025SP,3278,1711,1567
10007834,2025FA,5724,2864,2860
10007835,2025FA,9922,7823,2099
10007835,2025SP,4806,6036,-1230
10007836,2025FA,5569,8079,-2510
10007836,2025SP,4886,2866,2020
10007837,2025FA,8777,687,8090
10007838,2025FA,9448,244,9204
10007839,2025FA,4705,2752,1953
10007840,2025FA,8032,3473,4559
10007841,2025FA,5572,1626,3946
10007842,2025FA,5262,4174,1088
10007842,2025SP,4479,4028,451
10007843,2025FA,9346,2929,6417
10007844,2025FA,10608,224,10384
10007844,2025SP,4149,3225,924
10007845,2025FA,10681,214,10467
10007845,2025SP,9962,1685,8277
10007846,2025FA,5517,3611,1906
10007847,2025FA,4383,1021,3362
10007848,2025FA,4808,5694,-886
10007849,2025FA,5268,3725,1543
10007849,2025SP,7370,4979,2391
10007850,2025FA,8697,648,8049
10007851,2025FA,6278,3800,2478
10007851,2025SP,3806,1458,2348
10007852,2025FA,12650,2328,10322
10007853,2025FA,4894,4841,53
10007854,2025FA,8672,623,8049
10007855,2025FA,6000,1963,4037
10007856,2025FA,10578,5164,5414
10007856,2025SP,9296,1208,8088
10007857,2025FA,5045,4116,929
10007857,2025SP,8806,547,8259
10007858,2025FA,5821,4501,1320
10007859,2025FA,5220,448,4772
10007860,2025FA,4346,2288,2058
10007861,2025FA,5552,5915,-363
10007861,2025SP,6744,1433,5311
10007862,2025FA,6621,4022,2599
10007863,2025FA,4692,4166,526
10007864,2025FA,5072,3032,2040
10007865,2025FA,8811,1340,7471
10007865,2025SP,9238,2023,7215
10007866,2025FA,8845,1792,7053
10007866,2025SP,7548,3427,4121
10007867,2025FA,4909,5529,-620
10007867,2025SP,6053,5608,445
10007868,2025FA,11827,3181,8646
10007868,2025SP,6025,1961,4064
10007869,2025FA,5281,339,4942
10007869,2025SP,4695,5908,-1213
10007870,2025FA,9416,3792,5624
10007870,2025SP,3312,3642,-330
10007871,2025FA,9911,1235,8676
10007871,2025SP,5226,3289,1937
10007872,2025FA,8708,3789,4919
10007872,2025SP,3845,1753,2092
10007873,2025FA,8704,1827,6877
10007873,2025SP,7346,229,7117
10007874,2025FA,4724,2707,2017
10007874,2025SP,8688,1803,6885
10007875,2025FA,5873,1722,4151
10007876,2025FA,5433,2657,2776
10007877,2025FA,10568,3700,6868
10007877,2025SP,3727,2434,1293
10007878,2025FA,4922,2466,2456
10007879,2025FA,4672,1346,3326
10007880,2025FA,5044,5059,-15
10007881,2025FA,8667,5034,3633
10007882,2025FA,12027,1930,10097
10007882,2025SP,3750,4136,-386
10007883,2025FA,8568,1963,6605
10007883,2025SP,3399,2453,946
10007884,2025FA,5970,2125,3845
10007885,2025FA,4753,1763,2990
10007886,2025FA,5024,3742,1282
10007887,2025FA,5085,5075,10
10007888,2025FA,9428,6161,3267
10007888,2025SP,3327,5030,-1703
10007889,2025FA,9442,5888,3554
10007889,2025SP,3269,4628,-1359
10007890,2025FA,4731,2289,2442
10007890,2025SP,4441,5336,-895
10007891,2025FA,4776,7193,-2417
10007892,2025FA,4700,4633,67
10007893,2025FA,4353,1912,2441
10007894,2025FA,4695,4407,288
10007895,2025FA,9356,3712,5644
10007896,2025FA,8723,2592,6131
10007897,2025FA,4771,1486,3285
10007897,2025SP,7987,5032,2955
10007898,2025FA,5363,2543,2820
10007898,2025SP,3634,2921,713
10007899,2025FA,4946,6765,-1819
10007900,2025FA,11883,3531,8352
10007901,2025FA,8755,5596,3159
10007902,2025FA,6065,3659,2406
10007902,2025SP,5221,2464,2757
10007903,2025FA,4868,6214,-1346
10007904,2025FA,5801,2806,2995
10007905,2025FA,5234,3697,1537
10007905,2025SP,3440,3399,41
10007906,2025FA,4740,2218,2522
10007907,2025FA,9424,5396,4028
10007908,2025FA,6966,2916,4050
10007909,2025FA,9440,4196,5244
10007910,2025FA,5951,5687,264
10007911,2025FA,12029,3017,9012
10007912,2025FA,4712,1872,2840
10007913,2025FA,7967,4676,3291
10007914,2025FA,6147,3783,2364
10007915,2025FA,4438,5363,-925
10007916,2025FA,5266,8537,-3271
10007916,2025SP,3751,1549,2202
10007917,2025FA,10077,2590,7487
10007918,2025FA,4859,3670,1189
10007919,2025FA,4458,715,3743
10007919,2025SP,8651,3328,5323
10007920,2025FA,4891,3503,1388
10007921,2025FA,8572,3542,5030
10007921,2025SP,5277,2305,2972
10007922,2025FA,8621,6144,2477
10007923,2025FA,5280,4524,756
10007923,2025SP,4405,5987,-1582
10007924,2025FA,4833,5539,-706
10007924,2025SP,3327,5700,-2373
10007925,2025FA,9288,2363,6925
10007926,2025FA,5126,2288,2838
10007927,2025FA,5516,4333,1183
10007928,2025FA,5553,3927,1626
10007929,2025FA,11369,2001,9368
10007929,2025SP,4661,4682,-21
10007930,2025FA,5467,2279,3188
10007931,2025FA,5567,2856,2711
10007932,2025FA,4740,610,4130
10007933,2025FA,4930,1950,2980
10007934,2025FA,5942,3606,2336
10007935,2025FA,4926,4060,866
10007936,2025FA,6123,890,5233
10007936,2025SP,3689,3244,445
10007937,2025FA,5703,2098,3605
10007937,2025SP,6860,1460,5400
10007938,2025FA,4478,5411,-933
10007938,2025SP,5457,1305,4152
10007939,2025FA,5551,2158,3393
10007939,2025SP,3450,2260,1190
10007940,2025FA,4766,1646,3120
10007941,2025FA,4806,1226,3580
10007941,2025SP,4788,4557,231
10007942,2025FA,4695,521,4174
10007943,2025FA,6247,3240,3007
10007944,2025FA,10679,1878,8801
10007945,2025FA,4463,1581,2882
10007946,2025FA,9897,504,9393
10007947,2025FA,4913,4746,167
10007948,2025FA,4347,1654,2693
10007949,2025FA,6249,5113,1136
10007949,2025SP,3780,1835,1945
10007950,2025FA,5636,1078,4558
10007951,2025FA,8192,1314,6878
10007952,2025FA,6257,4354,1903
10007952,2025SP,3879,2777,1102
10007953,2025FA,5604,1240,4364
10007954,2025FA,4513,4042,471
10007955,2025FA,4801,6733,-1932
10007956,2025FA,5752,497,5255
10007956,2025SP,5149,4103,1046
10007957,2025FA,8053,1328,6725
10007957,2025SP,6031,963,5068
10007958,2025FA,5190,3724,1466
10007958,2025SP,4358,3876,482
10007959,2025FA,8706,252,8454
10007960,2025FA,8746,1679,7067
10007961,2025FA,4505,1823,2682
10007961,2025SP,3774,4370,-596
10007962,2025FA,5079,3603,1476
10007963,2025FA,4801,4426,375
10007964,2025FA,11182,4331,6851
10007965,2025FA,6215,3304,2911
10007965,2025SP,8578,2039,6539
10007966,2025FA,5725,614,5111
10007967,2025FA,5614,1706,3908
10007968,2025FA,9379,1765,7614
10007968,2025SP,4790,4991,-201
10007969,2025FA,4813,5544,-731
10007970,2025FA,5925,1754,4171
10007971,2025FA,8796,1704,7092
10007971,2025SP,8773,4706,4067
10007972,2025FA,4761,4348,413
10007972,2025SP,4236,985,3251
10007973,2025FA,4711,5318,-607
10007973,2025SP,3361,2922,439
10007974,2025FA,4836,3025,1811
10007975,2025FA,4522,1018,3504
10007975,2025SP,4006,4331,-325
10007976,2025FA,4304,3581,723
10007976,2025SP,8123,2877,5246
10007977,2025FA,4686,4054,632
10007978,2025FA,5162,4100,1062
10007979,2025FA,9918,3498,6420
10007980,2025FA,4523,470,4053
10007981,2025FA,8062,3249,4813
10007982,2025FA,5601,4175,1426
10007982,2025SP,5549,1092,4457
10007983,2025FA,5213,2956,2257
10007983,2025SP,3835,1655,2180
10007984,2025FA,5215,1445,3770
10007985,2025FA,5120,4827,293
10007985,2025SP,4718,3148,1570
10007986,2025FA,8677,1171,7506
10007987,2025FA,5041,6096,-1055
10007988,2025FA,9356,1804,7552
10007989,2025FA,4532,311,4221
10007990,2025FA,8813,1032,7781
10007991,2025FA,5638,4136,1502
10007991,2025SP,6705,5137,1568
10007992,2025FA,4726,295,4431
10007993,2025FA,5471,2842,2629
10007994,2025FA,9227,3372,5855
10007995,2025FA,5039,931,4108
10007996,2025FA,6531,3097,3434
10007996,2025SP,3375,763,2612
10007997,2025FA,5118,3428,1690
10007998,2025FA,10645,6017,4628
10007998,2025SP,4717,4510,207
10007999,2025FA,6193,4231,1962
10008000,2025FA,6223,4288,1935
10008001,2025FA,6245,5583,662
10008001,2025SP,4319,3307,1012
10008002,2025FA,5261,2397,2864
10008003,2025FA,4591,5138,-547
10008003,2025SP,4190,4463,-273
10008004,2025FA,4757,2015,2742
10008005,2025FA,10725,5188,5537
10008006,2025FA,9455,1639,7816
10008007,2025FA,5609,3986,1623
10008008,2025FA,4523,663,3860
10008008,2025SP,3282,2375,907
10008009,2025FA,5000,5070,-70
10008010,2025FA,4793,4983,-190
10008011,2025FA,5287,4218,1069
10008012,2025FA,5985,5222,763
10008012,2025SP,5144,1519,3625
10008013,2025FA,6207,4377,1830
10008014,2025FA,5955,4529,1426
10008015,2025FA,4913,2954,1959
10008016,2025FA,10119,2199,7920
10008016,2025SP,3511,2387,1124
10008017,2025FA,10515,3161,7354
10008018,2025FA,10596,1797,8799
10008019,2025FA,4352,3622,730
10008019,2025SP,3738,5877,-2139
10008020,2025FA,8168,3783,4385
10008021,2025FA,6652,3071,3581
10008022,2025FA,9416,5531,3885
10008023,2025FA,4871,3951,920
10008024,2025FA,5511,3828,1683
10008025,2025FA,4776,3992,784
10008026,2025FA,8554,3115,5439
10008027,2025FA,11227,6524,4703
10008027,2025SP,9429,4086,5343
10008028,2025FA,9218,8013,1205
10008028,2025SP,4786,1575,3211
10008029,2025FA,9411,1098,8313
10008030,2025FA,6308,5525,783
10008031,2025FA,8685,2645,6040
10008031,2025SP,3757,2633,1124
10008032,2025FA,8557,2216,6341
10008033,2025FA,5548,7026,-1478
10008034,2025FA,8582,6230,2352
10008035,2025FA,5614,6123,-509
10008035,2025SP,5258,3198,2060
10008036,2025FA,10098,4098,6000
10008036,2025SP,5206,1498,3708
10008037,2025FA,6065,3152,2913
10008038,2025FA,6286,222,6064
10008039,2025FA,4784,2567,2217
10008039,2025SP,3485,4533,-1048
10008040,2025FA,11407,2636,8771
10008040,2025SP,8731,914,7817
10008041,2025FA,4414,6378,-1964
10008042,2025FA,5469,4659,810
10008043,2025FA,4698,3568,1130
10008044,2025FA,6088,632,5456
10008045,2025FA,5528,2043,3485
10008045,2025SP,6213,5268,945
10008046,2025FA,5211,3697,1514
10008046,2025SP,3612,2995,617
10008047,2025FA,4867,2230,2637
10008048,2025FA,9222,1631,7591
10008049,2025FA,10507,1408,9099
10008050,2025FA,4658,4563,95
10008051,2025FA,4461,3829,632
10008051,2025SP,3499,4999,-1500
10008052,2025FA,4794,4826,-32
10008053,2025FA,4484,743,3741
10008053,2025SP,4178,899,3279
10008054,2025FA,5068,1927,3141
10008055,2025FA,6616,5007,1609
10008056,2025FA,4377,5705,-1328
10008057,2025FA,10799,1077,9722
10008058,2025FA,4488,5445,-957
10008058,2025SP,5079,5326,-247
10008059,2025FA,8117,3352,4765
10008059,2025SP,6782,2505,4277
10008060,2025FA,4691,2026,2665
10008060,2025SP,3775,1980,1795
10008061,2025FA,4869,6595,-1726
10008061,2025SP,5066,1822,3244
10008062,2025FA,9399,1929,7470
10008063,2025FA,4909,2173,2736
10008064,2025FA,10639,587,10052
10008065,2025FA,9927,2883,7044
10008066,2025FA,5711,1226,4485
10008066,2025SP,4248,5711,-1463
10008067,2025FA,5818,3425,2393
10008067,2025SP,3684,3206,478
10008068,2025FA,6091,776,5315
10008069,2025FA,9431,2710,6721
10008070,2025FA,6981,2245,4736
10008071,2025FA,11311,2859,8452
10008072,2025FA,4753,2731,2022
10008073,2025FA,5481,6048,-567
10008074,2025FA,10500,5664,4836
10008074,2025SP,3410,1671,1739
10008075,2025FA,4336,3929,407
10008076,2025FA,5245,4418,827
10008077,2025FA,4835,3342,1493
10008078,2025FA,4570,5637,-1067
10008079,2025FA,5497,1541,3956
10008080,2025FA,4592,5340,-748
10008080,2025SP,5298,5908,-610
10008081,2025FA,4475,2774,1701
10008082,2025FA,8600,3034,5566
10008083,2025FA,10100,2461,7639
10008084,2025FA,5536,5206,330
10008085,2025FA,8752,3357,5395
10008086,2025FA,5981,3523,2458
10008086,2025SP,4942,4401,541
10008087,2025FA,8646,2780,5866
10008088,2025FA,4804,504,4300
10008089,2025FA,5168,2793,2375
10008090,2025FA,4410,2778,1632
10008091,2025FA,9299,4132,5167
10008092,2025FA,4779,2593,2186
10008093,2025FA,4681,4879,-198
10008093,2025SP,4841,1835,3006
10008094,2025FA,4887,1358,3529
10008095,2025FA,4385,6318,-1933
10008095,2025SP,9301,615,8686
10008096,2025FA,4553,1229,3324
10008096,2025SP,3654,3177,477
10008097,2025FA,4354,4768,-414
10008098,2025FA,11196,2682,8514
10008099,2025FA,4730,4519,211
10008100,2025FA,6529,628,5901
10008101,2025FA,4884,2743,2141
10008102,2025FA,5723,5018,705
10008103,2025FA,5201,2531,2670
10008104,2025FA,5465,4937,528
10008105,2025FA,8815,4284,4531
10008105,2025SP,8849,3633,5216
10008106,2025FA,4716,1876,2840
10008106,2025SP,3645,4637,-992
10008107,2025FA,12571,1654,10917
10008107,2025SP,6630,2318,4312
10008108,2025FA,5086,5396,-310
10008109,2025FA,5159,1699,3460
10008110,2025FA,5823,2325,3498
10008111,2025FA,10016,2906,7110
10008112,2025FA,4709,3976,733
10008113,2025FA,5013,1462,3551
10008114,2025FA,4443,4170,273
10008115,2025FA,5214,623,4591
10008116,2025FA,4690,4913,-223
10008117,2025FA,4863,3986,877
10008118,2025FA,5532,4351,1181
10008119,2025FA,6144,6259,-115
10008120,2025FA,6245,3487,2758
10008120,2025SP,4708,2433,2275
10008121,2025FA,4908,5039,-131
10008122,2025FA,10142,1845,8297
10008123,2025FA,4790,1011,3779
10008124,2025FA,10769,511,10258
10008124,2025SP,6841,3428,3413
10008125,2025FA,5746,1282,4464
10008126,2025FA,7917,1650,6267
10008127,2025FA,8729,1763,6966
10008127,2025SP,5970,3987,1983
10008128,2025FA,10745,2940,7805
10008129,2025FA,11252,3044,8208
10008130,2025FA,8762,3228,5534
10008131,2025FA,4346,3726,620
10008132,2025FA,9484,4513,4971
10008133,2025FA,4894,1916,2978
10008134,2025FA,5877,1261,4616
10008134,2025SP,3962,4357,-395
10008135,2025FA,6056,882,5174
10008136,2025FA,6156,4024,2132
10008136,2025SP,5227,3389,1838
10008137,2025FA,5013,1574,3439
10008137,2025SP,5925,5364,561
10008138,2025FA,5835,3782,2053
10008138,2025SP,4110,4597,-487
10008139,2025FA,6253,5700,553
10008140,2025FA,10101,6475,3626
10008141,2025FA,4853,4637,216
10008141,2025SP,5223,4607,616
10008142,2025FA,4882,1932,2950
10008142,2025SP,3820,4308,-488
10008143,2025FA,9938,1045,8893
10008144,2025FA,6284,3651,2633
10008144,2025SP,6179,1910,4269
10008145,2025FA,8618,2636,5982
10008146,2025FA,4560,4073,487
10008146,2025SP,4918,3820,1098
10008147,2025FA,12083,5053,7030
10008147,2025SP,4811,3407,1404
10008148,2025FA,5484,3894,1590
10008149,2025FA,8594,4617,3977
10008150,2025FA,8042,6790,1252
10008150,2025SP,4437,1222,3215
10008151,2025FA,5821,1362,4459
10008152,2025FA,8583,2864,5719
10008153,2025FA,6272,3323,2949
10008154,2025FA,5515,3257,2258
10008154,2025SP,4543,3587,956
10008155,2025FA,5060,3280,1780
10008156,2025FA,10072,3116,6956
10008157,2025FA,6164,1338,4826
10008158,2025FA,8161,2752,5409
10008159,2025FA,4704,8588,-3884
10008160,2025FA,5707,5129,578
10008161,2025FA,11389,5370,6019
10008162,2025FA,5819,6821,-1002
10008163,2025FA,5966,1637,4329
10008164,2025FA,5021,2319,2702
10008164,2025SP,3706,5274,-1568
10008165,2025FA,4514,4798,-284
10008166,2025FA,8768,2026,6742
10008166,2025SP,9281,4422,4859
10008167,2025FA,4706,2686,2020
10008167,2025SP,3722,2870,852
10008168,2025FA,6556,1323,5233
10008168,2025SP,3750,5862,-2112
10008169,2025FA,5800,4418,1382
10008170,2025FA,8699,6616,2083
10008171,2025FA,5252,2865,2387
10008172,2025FA,11176,3832,7344
10008172,2025SP,7322,928,6394
10008173,2025FA,4828,371,4457
10008174,2025FA,10623,5641,4982
10008174,2025SP,6774,4891,1883
10008175,2025FA,5080,2716,2364
10008176,2025FA,4594,2232,2362
10008176,2025SP,9231,1812,7419
10008177,2025FA,4357,3101,1256
10008177,2025SP,4070,5102,-1032
10008178,2025FA,6622,4914,1708
10008179,2025FA,4848,359,4489
10008179,2025SP,7960,3843,4117
10008180,2025FA,9419,3719,5700
10008181,2025FA,4585,725,3860
10008181,2025SP,5391,4195,1196
10008182,2025FA,5421,5785,-364
10008182,2025SP,3342,2563,779
10008183,2025FA,4762,2147,2615
10008184,2025FA,4502,2721,1781
10008185,2025FA,8621,4461,4160
10008185,2025SP,9258,4322,4936
10008186,2025FA,4319,3474,845
10008187,2025FA,11401,2745,8656
10008187,2025SP,4832,2767,2065
10008188,2025FA,4709,3198,1511
10008188,2025SP,3329,2324,1005
10008189,2025FA,5234,3886,1348
10008189,2025SP,5983,3299,2684
10008190,2025FA,5632,2870,2762
10008190,2025SP,8628,3270,5358
10008191,2025FA,9982,2850,7132
10008192,2025FA,6550,1774,4776
10008192,2025SP,8608,4795,3813
10008193,2025FA,4593,1044,3549
10008194,2025FA,5455,5606,-151
10008195,2025FA,5642,2572,3070
10008196,2025FA,4597,4017,580
10008197,2025FA,6195,1383,4812
10008198,2025FA,9346,1360,7986
10008199,2025FA,6594,3713,2881
10008200,2025FA,5113,3651,1462
10008201,2025FA,11992,2993,8999
10008202,2025FA,8607,1734,6873
10008203,2025FA,9206,3300,5906
10008204,2025FA,5153,1365,3788
10008205,2025FA,8733,4904,3829
10008206,2025FA,5984,4978,1006
10008206,2025SP,3486,3566,-80
10008207,2025FA,10068,3359,6709
10008208,2025FA,4680,1772,2908
10008208,2025SP,6775,6354,421
10008209,2025FA,5185,2493,2692
10008210,2025FA,8600,1764,6836
10008211,2025FA,4800,8019,-3219
10008211,2025SP,4248,1718,2530
10008212,2025FA,9368,2768,6600
10008212,2025SP,8607,4950,3657
10008213,2025FA,5754,2181,3573
10008213,2025SP,6794,4220,2574
10008214,2025FA,10594,2492,8102
10008214,2025SP,7934,1666,6268
10008215,2025FA,4894,1612,3282
10008216,2025FA,4681,1224,3457
10008217,2025FA,11921,3473,8448
10008218,2025FA,10104,4574,5530
10008219,2025FA,5228,2540,2688
10008220,2025FA,4688,1972,2716
10008220,2025SP,3544,6720,-3176
10008221,2025FA,5890,5946,-56
10008221,2025SP,4228,1895,2333
10008222,2025FA,8123,3158,4965
10008222,2025SP,5007,2223,2784
10008223,2025FA,4405,2215,2190
10008223,2025SP,6149,3254,2895
10008224,2025FA,4667,1501,3166
10008224,2025SP,10594,3949,6645
10008225,2025FA,6179,1479,4700
10008226,2025FA,5141,5491,-350
10008227,2025FA,4555,4396,159
10008228,2025FA,11414,2214,9200
10008228,2025SP,3513,953,2560
10008229,2025FA,11158,4452,6706
10008230,2025FA,4877,1922,2955
10008230,2025SP,7909,3203,4706
10008231,2025FA,5561,4642,919
10008231,2025SP,4875,5030,-155
10008232,2025FA,8617,488,8129
10008233,2025FA,9289,3433,5856
10008234,2025FA,4494,6031,-1537
10008235,2025FA,6138,2763,3375
10008235,2025SP,4746,1047,3699
10008236,2025FA,6699,4174,2525
10008237,2025FA,4706,1551,3155
10008237,2025SP,3462,2888,574
10008238,2025FA,5522,3500,2022
10008239,2025FA,4882,4388,494
10008240,2025FA,4752,5104,-352
10008240,2025SP,3701,2373,1328
10008241,2025FA,6608,4439,2169
10008242,2025FA,5463,5755,-292
10008243,2025FA,5646,1445,4201
10008244,2025FA,11298,6012,5286
10008244,2025SP,3739,1555,2184
10008245,2025FA,4483,2496,1987
10008246,2025FA,11164,4555,6609
10008247,2025FA,5264,1712,3552
10008248,2025FA,5636,3563,2073
10008249,2025FA,7969,3843,4126
10008250,2025FA,5841,2633,3208
10008250,2025SP,8637,2457,6180
10008251,2025FA,5299,470,4829
10008251,2025SP,4867,4527,340
10008252,2025FA,5522,6155,-633
10008253,2025FA,4473,1777,2696
10008253,2025SP,6667,3959,2708
10008254,2025FA,12494,2428,10066
10008254,2025SP,5176,4657,519
10008255,2025FA,9262,5421,3841
10008256,2025FA,4687,4595,92
10008257,2025FA,4391,3356,1035
10008258,2025FA,5837,4522,1315
10008258,2025SP,4812,3150,1662
10008259,2025FA,8574,1388,7186
10008260,2025FA,5223,4644,579
10008260,2025SP,4916,3253,1663
10008261,2025FA,5573,3438,2135
10008261,2025SP,9418,5476,3942
10008262,2025FA,4342,6042,-1700
10008262,2025SP,4516,5927,-1411
10008263,2025FA,9486,2262,7224
10008264,2025FA,9444,5010,4434
10008265,2025FA,8657,5505,3152
10008265,2025SP,5536,4097,1439
10008266,2025FA,8804,3142,5662
10008267,2025FA,6271,1801,4470
10008268,2025FA,4515,4180,335
10008269,2025FA,10773,4290,6483
10008269,2025SP,3717,2772,945
10008270,2025FA,5024,3979,1045
10008271,2025FA,4787,2922,1865
10008271,2025SP,6626,1882,4744
10008272,2025FA,4568,3351,1217
10008273,2025FA,8767,5825,2942
10008273,2025SP,3310,3878,-568
10008274,2025FA,8748,5120,3628
10008274,2025SP,3812,2967,845
10008275,2025FA,6220,1120,5100
10008276,2025FA,4590,2108,2482
10008277,2025FA,10079,5148,4931
10008277,2025SP,4132,5017,-885
10008278,2025FA,4389,2466,1923
10008278,2025SP,3644,1649,1995
10008279,2025FA,4864,855,4009
10008280,2025FA,5996,1758,4238
10008281,2025FA,4917,6628,-1711
10008281,2025SP,3449,2855,594
10008282,2025FA,6639,5650,989
10008283,2025FA,5000,562,4438
10008284,2025FA,5904,5317,587
10008285,2025FA,6074,5293,781
10008286,2025FA,5904,1610,4294
10008286,2025SP,6055,3013,3042
10008287,2025FA,4372,1719,2653
10008288,2025FA,10728,366,10362
10008289,2025FA,4703,3564,1139
10008290,2025FA,4905,3897,1008
10008290,2025SP,3669,4900,-1231
10008291,2025FA,4419,4165,254
10008291,2025SP,3496,2292,1204
10008292,2025FA,8055,4889,3166
10008293,2025FA,9493,1577,7916
10008294,2025FA,9422,1707,7715
10008295,2025FA,9203,4277,4926
10008296,2025FA,6458,4478,1980
10008297,2025FA,4342,1490,2852
10008297,2025SP,6007,1545,4462
10008298,2025FA,10616,3224,7392
10008299,2025FA,4465,4355,110
10008300,2025FA,11946,1207,10739
10008301,2025FA,5480,3160,2320
10008302,2025FA,4731,4648,83
10008303,2025FA,6153,3680,2473
10008304,2025FA,8117,1350,6767
10008304,2025SP,7433,1573,5860
10008305,2025FA,6685,5493,1192
10008305,2025SP,6713,4804,1909
10008306,2025FA,5893,6950,-1057
10008306,2025SP,4302,5470,-1168
10008307,2025FA,5818,2774,3044
10008307,2025SP,5172,4547,625
10008308,2025FA,4837,3926,911
10008309,2025FA,8596,3712,4884
10008309,2025SP,5237,1714,3523
10008310,2025FA,5872,5161,711
10008310,2025SP,3476,1528,1948
10008311,2025FA,5096,2771,2325
10008312,2025FA,5959,4547,1412
10008313,2025FA,5443,5724,-281
10008313,2025SP,3431,7699,-4268
10008314,2025FA,9262,4617,4645
10008315,2025FA,5887,4214,1673
10008315,2025SP,3625,1170,2455
10008316,2025FA,4879,4176,703
10008316,2025SP,4144,3663,481
10008317,2025FA,4309,1558,2751
10008318,2025FA,6514,1014,5500
10008319,2025FA,9405,4942,4463
10008320,2025FA,10772,1788,8984
10008320,2025SP,4430,3225,1205
10008321,2025FA,4881,3106,1775
10008322,2025FA,4908,3629,1279
10008323,2025FA,5759,5376,383
10008324,2025FA,6149,2130,4019
10008324,2025SP,5190,3984,1206
10008325,2025FA,5193,4146,1047
10008326,2025FA,8785,279,8506
10008326,2025SP,9369,4931,4438
10008327,2025FA,9441,860,8581
10008328,2025FA,5112,880,4232
10008329,2025FA,10643,344,10299
10008329,2025SP,6895,2311,4584
10008330,2025FA,6348,5326,1022
10008330,2025SP,3729,4082,-353
10008331,2025FA,5837,1821,4016
10008331,2025SP,8813,5055,3758
10008332,2025FA,5374,1079,4295
10008332,2025SP,4420,2628,1792
10008333,2025FA,5905,6628,-723
10008334,2025FA,8150,2422,5728
10008335,2025FA,4738,4182,556
10008335,2025SP,5090,4426,664
10008336,2025FA,5739,3529,2210
10008336,2025SP,4659,1590,3069
10008337,2025FA,5558,2157,3401
10008338,2025FA,6578,649,5929
10008339,2025FA,4518,1977,2541
10008339,2025SP,4764,1635,3129
10008340,2025FA,4859,5229,-370
10008341,2025FA,4664,4768,-104
10008342,2025FA,6283,4946,1337
10008343,2025FA,4788,3169,1619
10008344,2025FA,5093,1196,3897
10008345,2025FA,5461,2782,2679
10008345,2025SP,4035,5910,-1875
10008346,2025FA,4924,3980,944
10008346,2025SP,6854,6061,793
10008347,2025FA,4304,5459,-1155
10008347,2025SP,7906,2094,5812
10008348,2025FA,4716,1792,2924
10008349,2025FA,4512,2646,1866
10008349,2025SP,3817,2928,889
10008350,2025FA,4780,2941,1839
10008350,2025SP,3954,1796,2158
10008351,2025FA,4440,1696,2744
10008351,2025SP,3662,6051,-2389
10008352,2025FA,8638,3872,4766
10008353,2025FA,5961,3813,2148
10008353,2025SP,4824,3652,1172
10008354,2025FA,8742,1869,6873
10008355,2025FA,5267,1739,3528
10008356,2025FA,8041,8609,-568
10008357,2025FA,6306,3866,2440
10008358,2025FA,5244,3518,1726
10008358,2025SP,3755,3044,711
10008359,2025FA,4585,7525,-2940
10008359,2025SP,4155,3899,256
10008360,2025FA,10732,741,9991
10008361,2025FA,5896,1922,3974
10008361,2025SP,3639,6470,-2831
10008362,2025FA,10030,1705,8325
10008363,2025FA,6081,4976,1105
10008364,2025FA,5822,4406,1416
10008364,2025SP,3317,1981,1336
10008365,2025FA,7950,3467,4483
10008366,2025FA,11151,2523,8628
10008366,2025SP,10150,5841,4309
10008367,2025FA,6316,1353,4963
10008368,2025FA,8628,1963,6665
10008369,2025FA,5049,3027,2022
10008370,2025FA,4726,3831,895
10008370,2025SP,4857,4164,693
10008371,2025FA,8593,1629,6964
10008372,2025FA,4821,2262,2559
10008372,2025SP,3374,5574,-2200
10008373,2025FA,4302,1718,2584
10008373,2025SP,3354,1985,1369
10008374,2025FA,5878,4723,1155
10008375,2025FA,8804,3097,5707
10008376,2025FA,4733,4231,502
10008377,2025FA,4902,1627,3275
10008378,2025FA,6913,5070,1843
10008379,2025FA,8035,4838,3197
10008380,2025FA,4823,1914,2909
10008381,2025FA,5989,2079,3910
10008382,2025FA,10767,3794,6973
10008383,2025FA,8837,3990,4847
10008384,2025FA,5241,1994,3247
10008385,2025FA,4496,4081,415
10008386,2025FA,5204,3805,1399
10008387,2025FA,4338,4002,336
10008388,2025FA,9471,4064,5407
10008389,2025FA,8797,1566,7231
10008390,2025FA,11224,1758,9466
10008391,2025FA,8819,930,7889
10008392,2025FA,6572,1930,4642
10008393,2025FA,5291,3450,1841
10008393,2025SP,8681,2680,6001
10008394,2025FA,4350,4142,208
10008394,2025SP,4944,2317,2627
10008395,2025FA,4369,3053,1316
10008396,2025FA,5452,2763,2689
10008396,2025SP,4701,3059,1642
10008397,2025FA,4690,2516,2174
10008398,2025FA,5897,616,5281
10008399,2025FA,5758,3784,1974
10008400,2025FA,4446,1447,2999
10008401,2025FA,4778,6308,-1530
10008402,2025FA,8195,5578,2617
10008402,2025SP,3853,1710,2143
10008403,2025FA,5726,5430,296
10008403,2025SP,8716,4417,4299
10008404,2025FA,4653,2192,2461
10008405,2025FA,4337,6269,-1932
10008406,2025FA,5955,2246,3709
10008406,2025SP,3536,3140,396
10008407,2025FA,6621,2240,4381
10008408,2025FA,5471,5025,446
10008408,2025SP,9282,2857,6425
10008409,2025FA,7927,3443,4484
10008410,2025FA,6299,212,6087
10008410,2025SP,3996,3633,363
10008411,2025FA,5546,3366,2180
10008412,2025FA,4886,5407,-521
10008412,2025SP,8793,4861,3932
10008413,2025FA,5216,3629,1587
10008414,2025FA,4832,4173,659
10008414,2025SP,7942,5180,2762
10008415,2025FA,4926,4748,178
10008416,2025FA,4749,4263,486
10008417,2025FA,5104,5611,-507
10008417,2025SP,3797,4631,-834
10008418,2025FA,5892,1079,4813
10008419,2025FA,6346,1787,4559
10008419,2025SP,6880,5744,1136
10008420,2025FA,5082,1074,4008
10008421,2025FA,5418,3096,2322
10008422,2025FA,8672,859,7813
10008423,2025FA,5235,1612,3623
10008423,2025SP,5251,3455,1796
10008424,2025FA,4658,3556,1102
10008425,2025FA,10751,1964,8787
10008426,2025FA,4814,470,4344
10008426,2025SP,5076,1770,3306
10008427,2025FA,5072,4231,841
10008428,2025FA,4778,319,4459
10008429,2025FA,4772,2882,1890
10008429,2025SP,4916,2038,2878
10008430,2025FA,8842,224,8618
10008430,2025SP,4182,3218,964
10008431,2025FA,8639,4007,4632
10008432,2025FA,8160,3758,4402
10008433,2025FA,11213,1901,9312
10008434,2025FA,5202,5319,-117
10008434,2025SP,4220,3788,432
10008435,2025FA,8584,5198,3386
10008436,2025FA,7920,1421,6499
10008436,2025SP,7316,1420,5896
10008437,2025FA,4759,3576,1183
10008438,2025FA,4877,2169,2708
10008439,2025FA,8665,1375,7290
10008440,2025FA,4422,3457,965
10008441,2025FA,4817,4137,680
10008442,2025FA,4414,3943,471
10008442,2025SP,3407,2862,545
10008443,2025FA,5552,3338,2214
10008444,2025FA,4517,3456,1061
10008444,2025SP,3545,1901,1644
10008445,2025FA,5927,4289,1638
10008446,2025FA,5156,380,4776
10008446,2025SP,5028,1592,3436
10008447,2025FA,4933,2670,2263
10008448,2025FA,9242,3468,5774
10008448,2025SP,5510,3234,2276
10008449,2025FA,5603,1055,4548
10008450,2025FA,6422,1865,4557
10008450,2025SP,8734,4148,4586
10008451,2025FA,6581,3000,3581
10008452,2025FA,4502,4498,4
10008453,2025FA,4805,2944,1861
10008454,2025FA,6320,3438,2882
10008455,2025FA,8035,3847,4188
10008455,2025SP,4011,1068,2943
10008456,2025FA,4547,5688,-1141
10008456,2025SP,7416,2245,5171
10008457,2025FA,5534,1659,3875
10008458,2025FA,9423,4257,5166
10008458,2025SP,3410,4087,-677
10008459,2025FA,6071,498,5573
10008460,2025FA,4479,215,4264
10008461,2025FA,6244,4289,1955
10008462,2025FA,5958,2740,3218
10008463,2025FA,4542,3202,1340
10008463,2025SP,4209,2879,1330
10008464,2025FA,5501,3249,2252
10008465,2025FA,5299,5392,-93
10008466,2025FA,5041,1323,3718
10008467,2025FA,11266,3814,7452
10008467,2025SP,5988,410,5578
10008468,2025FA,4752,814,3938
10008468,2025SP,8813,3798,5015
10008469,2025FA,6133,2016,4117
10008470,2025FA,8760,1805,6955
10008471,2025FA,8035,5834,2201
10008472,2025FA,4929,3772,1157
10008472,2025SP,3749,3421,328
10008473,2025FA,8788,1758,7030
10008473,2025SP,8148,2686,5462
10008474,2025FA,6141,3143,2998
10008474,2025SP,4799,1608,3191
10008475,2025FA,6143,1667,4476
10008476,2025FA,6163,5455,708
10008477,2025FA,5763,7538,-1775
10008478,2025FA,8703,2225,6478
10008479,2025FA,4802,3706,1096
10008480,2025FA,5104,4352,752
10008481,2025FA,6619,4597,2022
10008482,2025FA,5971,1908,4063
10008482,2025SP,3493,866,2627
10008483,2025FA,7914,1852,6062
10008484,2025FA,5103,3688,1415
10008485,2025FA,6102,896,5206
10008486,2025FA,5103,5754,-651
10008486,2025SP,9468,1657,7811
10008487,2025FA,5119,4453,666
10008487,2025SP,4797,929,3868
10008488,2025FA,9287,5727,3560
10008488,2025SP,8105,741,7364
10008489,2025FA,6692,3677,3015
10008490,2025FA,5122,1790,3332
10008490,2025SP,5434,3618,1816
10008491,2025FA,4739,2198,2541
10008492,2025FA,8063,4274,3789
10008493,2025FA,8601,1494,7107
10008493,2025SP,3833,1615,2218
10008494,2025FA,5482,6571,-1089
10008495,2025FA,6177,2933,3244
10008496,2025FA,4898,4433,465
10008497,2025FA,4365,1645,2720
10008498,2025FA,10602,3705,6897
10008499,2025FA,6417,3137,3280
10008500,2025FA,9227,1476,7751
10008500,2025SP,3260,6510,-3250
10008501,2025FA,10707,3233,7474
10008502,2025FA,4392,7743,-3351
10008503,2025FA,4481,4072,409
10008503,2025SP,7285,845,6440
10008504,2025FA,9469,4196,5273
10008505,2025FA,10626,2866,7760
10008505,2025SP,5983,1582,4401
10008506,2025FA,5376,3692,1684
10008507,2025FA,5624,3597,2027
10008508,2025FA,9931,880,9051
10008508,2025SP,3850,3505,345
10008509,2025FA,5882,3790,2092
10008509,2025SP,3719,892,2827
10008510,2025FA,5238,1264,3974
10008510,2025SP,8847,4217,4630
10008511,2025FA,6532,1648,4884
10008512,2025FA,10617,1290,9327
10008513,2025FA,4696,1140,3556
10008514,2025FA,4497,4571,-74
10008515,2025FA,6280,1941,4339
10008515,2025SP,3520,4913,-1393
10008516,2025FA,4352,4038,314
10008516,2025SP,4929,4794,135
10008517,2025FA,4534,1929,2605
10008518,2025FA,5279,1911,3368
10008519,2025FA,4774,3126,1648
10008520,2025FA,11996,2019,9977
10008520,2025SP,10085,4001,6084
10008521,2025FA,4745,520,4225
10008522,2025FA,4676,3212,1464
10008523,2025FA,8006,6559,1447
10008524,2025FA,5716,6537,-821
10008524,2025SP,4393,4038,355
10008525,2025FA,4937,7714,-2777
10008526,2025FA,5243,2138,3105
10008526,2025SP,3673,2985,688
10008527,2025FA,4582,658,3924
10008528,2025FA,5276,7081,-1805
10008529,2025FA,4691,4424,267
10008529,2025SP,3698,3711,-13
10008530,2025FA,10594,5269,5325
10008531,2025FA,11382,3497,7885
10008532,2025FA,5046,3709,1337
10008533,2025FA,4712,2753,1959
10008534,2025FA,4311,5473,-1162
10008534,2025SP,7457,5446,2011
10008535,2025FA,5277,3862,1415
10008535,2025SP,4814,6414,-1600
10008536,2025FA,4305,5652,-1347
10008537,2025FA,5524,2533,2991
10008538,2025FA,4772,2249,2523
10008539,2025FA,6432,1395,5037
10008539,2025SP,3600,1956,1644
10008540,2025FA,5835,5222,613
10008540,2025SP,5476,1546,3930
10008541,2025FA,11328,1693,9635
10008542,2025FA,6919,4898,2021
10008543,2025FA,5532,1207,4325
10008544,2025FA,4755,2883,1872
10008544,2025SP,3807,574,3233
10008545,2025FA,5871,4842,1029
10008545,2025SP,7984,999,6985
10008546,2025FA,8568,382,8186
10008547,2025FA,10119,6958,3161
10008547,2025SP,3336,3920,-584
10008548,2025FA,5932,4531,1401
10008549,2025FA,6318,5971,347
10008550,2025FA,6093,1977,4116
10008551,2025FA,11340,1945,9395
10008552,2025FA,11975,3662,8313
10008552,2025SP,5196,4031,1165
10008553,2025FA,4876,1293,3583
10008553,2025SP,4745,1805,2940
10008554,2025FA,6098,1454,4644
10008555,2025FA,8122,5310,2812
10008556,2025FA,12044,2214,9830
10008557,2025FA,4923,640,4283
10008558,2025FA,8742,7569,1173
10008559,2025FA,6255,3818,2437
10008560,2025FA,6073,7998,-1925
10008560,2025SP,5123,469,4654
10008561,2025FA,5244,6092,-848
10008562,2025FA,4890,1763,3127
10008562,2025SP,4698,2066,2632
10008563,2025FA,8109,5104,3005
10008563,2025SP,5116,2812,2304
10008564,2025FA,5926,3574,2352
10008564,2025SP,5427,2629,2798
10008565,2025FA,4804,1814,2990
10008565,2025SP,3725,6450,-2725
10008566,2025FA,4746,3523,1223
10008567,2025FA,5106,1447,3659
10008567,2025SP,3774,3501,273
10008568,2025FA,11157,5043,6114
10008569,2025FA,6266,3511,2755
10008570,2025FA,10119,1757,8362
10008570,2025SP,4693,1444,3249
10008571,2025FA,5578,1982,3596
10008571,2025SP,3688,3256,432
10008572,2025FA,10741,2414,8327
10008573,2025FA,8085,2918,5167
10008573,2025SP,7509,1244,6265
10008574,2025FA,8588,4072,4516
10008575,2025FA,7269,538,6731
10008575,2025SP,3733,3001,732
10008576,2025FA,10760,4208,6552
10008577,2025FA,4928,1413,3515
10008578,2025FA,4899,2435,2464
10008579,2025FA,6300,2782,3518
10008579,2025SP,6814,1990,4824
10008580,2025FA,5124,1794,3330
10008580,2025SP,6852,324,6528
10008581,2025FA,4884,5308,-424
10008581,2025SP,6885,4806,2079
10008582,2025FA,5893,5915,-22
10008582,2025SP,5702,2313,3389
10008583,2025FA,4784,4401,383
10008584,2025FA,8721,2501,6220
10008584,2025SP,4041,3461,580
10008585,2025FA,8019,2594,5425
10008586,2025FA,4318,3470,848
10008586,2025SP,3787,4191,-404
10008587,2025FA,5166,1735,3431
10008588,2025FA,7991,4268,3723
10008589,2025FA,5921,5879,42
10008589,2025SP,3435,3081,354
10008590,2025FA,5758,3530,2228
10008590,2025SP,4863,1886,2977
10008591,2025FA,10512,3704,6808
10008592,2025FA,11299,2855,8444
10008592,2025SP,4743,5752,-1009
10008593,2025FA,10566,2604,7962
10008593,2025SP,8013,4156,3857
10008594,2025FA,4883,2738,2145
10008595,2025FA,9888,3323,6565
10008596,2025FA,5167,652,4515
10008596,2025SP,3879,2487,1392
10008597,2025FA,9454,2876,6578
10008597,2025SP,3526,1990,1536
10008598,2025FA,8018,1419,6599
10008599,2025FA,4741,2321,2420
10008599,2025SP,3807,3494,313
10008600,2025FA,10012,4112,5900
10008601,2025FA,5230,6801,-1571
10008601,2025SP,7422,847,6575
10008602,2025FA,9394,1668,7726
10008603,2025FA,6587,5636,951
10008604,2025FA,5726,3919,1807
10008605,2025FA,5729,1477,4252
10008605,2025SP,9274,4170,5104
10008606,2025FA,5496,1308,4188
10008607,2025FA,4540,4787,-247
10008608,2025FA,9362,6703,2659
10008609,2025FA,4760,3636,1124
10008610,2025FA,5230,2218,3012
10008611,2025FA,7941,5378,2563
10008612,2025FA,6520,7050,-530
10008613,2025FA,6083,4165,1918
10008613,2025SP,4845,993,3852
10008614,2025FA,8842,3125,5717
10008615,2025FA,4876,2503,2373
10008615,2025SP,5007,928,4079
10008616,2025FA,4419,1489,2930
10008616,2025SP,3412,6080,-2668
10008617,2025FA,5271,2656,2615
10008618,2025FA,4384,2964,1420
10008618,2025SP,6247,2488,3759
10008619,2025FA,9274,1094,8180
10008620,2025FA,4418,3960,458
10008621,2025FA,4690,1642,3048
10008621,2025SP,4195,715,3480
10008622,2025FA,6294,2841,3453
10008622,2025SP,3322,3969,-647
10008623,2025FA,4594,4097,497
10008624,2025FA,5800,4315,1485
10008625,2025FA,8644,2953,5691
10008626,2025FA,5384,3968,1416
10008626,2025SP,8827,1962,6865
10008627,2025FA,9350,3345,6005
10008628,2025FA,4930,2529,2401
10008628,2025SP,8065,5478,2587
10008629,2025FA,6157,6132,25
10008630,2025FA,4576,4256,320
10008630,2025SP,3317,4877,-1560
10008631,2025FA,9888,6473,3415
10008631,2025SP,4887,4582,305
10008632,2025FA,4742,5025,-283
10008633,2025FA,5936,4066,1870
10008633,2025SP,5000,3181,1819
10008634,2025FA,4790,1009,3781
10008635,2025FA,8564,2418,6146
10008635,2025SP,3714,6285,-2571
10008636,2025FA,4652,1047,3605
10008637,2025FA,4555,5288,-733
10008638,2025FA,4466,1595,2871
10008639,2025FA,5523,3678,1845
10008639,2025SP,7349,3215,4134
10008640,2025FA,9306,2263,7043
10008640,2025SP,4654,4653,1
10008641,2025FA,4708,3360,1348
10008642,2025FA,5914,1629,4285
10008643,2025FA,4891,5927,-1036
10008643,2025SP,8045,3932,4113
10008644,2025FA,9411,3213,6198
10008645,2025FA,4401,650,3751
10008646,2025FA,10096,4205,5891
10008647,2025FA,7901,5068,2833
10008648,2025FA,4811,2586,2225
10008649,2025FA,5187,4721,466
10008649,2025SP,8581,2279,6302
10008650,2025FA,4760,4303,457
10008651,2025FA,4674,6806,-2132
10008652,2025FA,4509,1620,2889
10008652,2025SP,6668,4728,1940
10008653,2025FA,5481,5292,189
10008654,2025FA,5184,3692,1492
10008655,2025FA,8694,4291,4403
10008656,2025FA,9946,2404,7542
10008656,2025SP,3606,3948,-342
10008657,2025FA,5069,2820,2249
10008657,2025SP,5771,3958,1813
10008658,2025FA,5239,1403,3836
10008659,2025FA,10640,5231,5409
10008659,2025SP,7345,763,6582
10008660,2025FA,6105,3540,2565
10008660,2025SP,3730,2595,1135
10008661,2025FA,4676,4203,473
10008661,2025SP,3874,1558,2316
10008662,2025FA,4384,2498,1886
10008663,2025FA,8649,4813,3836
10008663,2025SP,6226,1310,4916
10008664,2025FA,10682,3120,7562
10008665,2025FA,5363,545,4818
10008666,2025FA,4332,3474,858
10008667,2025FA,5636,4942,694
10008668,2025FA,5777,6632,-855
10008668,2025SP,4949,3336,1613
10008669,2025FA,5038,2329,2709
10008669,2025SP,4698,2854,1844
10008670,2025FA,10036,1380,8656
10008670,2025SP,4902,6769,-1867
10008671,2025FA,4690,819,3871
10008671,2025SP,4309,4769,-460
10008672,2025FA,5567,2134,3433
10008673,2025FA,4926,3448,1478
10008673,2025SP,5010,3256,1754
10008674,2025FA,8796,442,8354
10008675,2025FA,5590,4983,607
10008675,2025SP,5519,845,4674
10008676,2025FA,8605,4831,3774
10008677,2025FA,5382,5027,355
10008677,2025SP,5073,2389,2684
10008678,2025FA,8617,4267,4350
10008678,2025SP,5021,2367,2654
10008679,2025FA,5102,1132,3970
10008680,2025FA,8150,4820,3330
10008681,2025FA,4578,5952,-1374
10008681,2025SP,4113,1885,2228
10008682,2025FA,4694,1653,3041
10008682,2025SP,3261,2049,1212
10008683,2025FA,4533,5832,-1299
10008683,2025SP,5011,5689,-678
10008684,2025FA,5220,463,4757
10008685,2025FA,5207,2461,2746
10008686,2025FA,5467,1130,4337
10008687,2025FA,4834,2297,2537
10008687,2025SP,5531,4105,1426
10008688,2025FA,6299,3556,2743
10008689,2025FA,9254,1802,7452
10008690,2025FA,4815,4810,5
10008691,2025FA,8774,1719,7055
10008691,2025SP,3884,393,3491
10008692,2025FA,4918,2061,2857
10008693,2025FA,11245,5262,5983
10008694,2025FA,5253,1970,3283
10008695,2025FA,5179,1032,4147
10008696,2025FA,5793,4240,1553
10008697,2025FA,5707,2584,3123
10008698,2025FA,11950,4514,7436
10008699,2025FA,8655,3605,5050
10008700,2025FA,5239,2457,2782
10008700,2025SP,5121,5315,-194
10008701,2025FA,8555,1922,6633
10008702,2025FA,8716,3753,4963
10008702,2025SP,3435,599,2836
10008703,2025FA,4743,1436,3307
10008704,2025FA,9440,1489,7951
10008705,2025FA,5134,949,4185
10008706,2025FA,4302,6730,-2428
10008706,2025SP,3283,3117,166
10008707,2025FA,5734,3183,2551
10008707,2025SP,4692,1338,3354
10008708,2025FA,8578,2927,5651
10008708,2025SP,6873,531,6342
10008709,2025FA,5578,910,4668
10008709,2025SP,6764,3396,3368
10008710,2025FA,4305,2385,1920
10008711,2025FA,4891,5529,-638
10008712,2025FA,4698,1438,3260
10008713,2025FA,9277,4159,5118
10008714,2025FA,6479,5170,1309
10008714,2025SP,4773,486,4287
10008715,2025FA,4381,564,3817
10008716,2025FA,5142,970,4172
10008717,2025FA,10536,5108,5428
10008717,2025SP,4122,4809,-687
10008718,2025FA,4729,2299,2430
10008718,2025SP,6233,724,5509
10008719,2025FA,7254,3517,3737
10008719,2025SP,3386,930,2456
10008720,2025FA,5982,3528,2454
10008721,2025FA,10073,3522,6551
10008721,2025SP,4715,2883,1832
10008722,2025FA,4895,1651,3244
10008722,2025SP,6157,3519,2638
10008723,2025FA,4692,2858,1834
10008723,2025SP,4546,687,3859
10008724,2025FA,10651,2830,7821
10008725,2025FA,4416,5824,-1408
10008725,2025SP,4847,1229,3618
10008726,2025FA,4477,5048,-571
10008727,2025FA,8641,2161,6480
10008728,2025FA,4340,4627,-287
10008728,2025SP,4667,3298,1369
10008729,2025FA,5246,3419,1827
10008730,2025FA,5581,458,5123
10008730,2025SP,4712,4494,218
10008731,2025FA,5050,2168,2882
10008731,2025SP,3854,4469,-615
10008732,2025FA,10642,4039,6603
10008733,2025FA,8168,1682,6486
10008733,2025SP,3263,303,2960
10008734,2025FA,8721,4957,3764
10008735,2025FA,11413,1473,9940
10008736,2025FA,6309,3181,3128
10008736,2025SP,4799,4046,753
10008737,2025FA,6289,1383,4906
10008738,2025FA,10652,5225,5427
10008739,2025FA,5578,3892,1686
10008740,2025FA,5440,2179,3261
10008741,2025FA,11328,5482,5846
10008741,2025SP,4393,1393,3000
10008742,2025FA,4559,1195,3364
10008742,2025SP,3852,2655,1197
10008743,2025FA,6464,3713,2751
10008744,2025FA,9323,6110,3213
10008744,2025SP,4426,4260,166
10008745,2025FA,5726,4134,1592
10008746,2025FA,4569,5216,-647
10008747,2025FA,4772,2155,2617
10008748,2025FA,5057,4296,761
10008749,2025FA,4526,990,3536
10008749,2025SP,6864,2961,3903
10008750,2025FA,4731,5166,-435
10008750,2025SP,4479,1159,3320
10008751,2025FA,5647,3479,2168
10008752,2025FA,4774,4837,-63
10008753,2025FA,10141,3060,7081
10008754,2025FA,11960,1691,10269
10008754,2025SP,6234,1545,4689
10008755,2025FA,5846,1883,3963
10008756,2025FA,4732,1972,2760
10008757,2025FA,5559,1834,3725
10008758,2025FA,5195,3515,1680
10008759,2025FA,5212,3036,2176
10008760,2025FA,4497,4922,-425
10008761,2025FA,5740,1217,4523
10008762,2025FA,11908,5334,6574
10008763,2025FA,5992,1965,4027
10008764,2025FA,4845,1822,3023
10008765,2025FA,5158,5191,-33
10008766,2025FA,7905,1748,6157
10008766,2025SP,7939,1847,6092
10008767,2025FA,4571,2855,1716
10008768,2025FA,9871,4659,5212
10008769,2025FA,8711,4124,4587
10008770,2025FA,4737,1059,3678
10008770,2025SP,3401,5184,-1783
10008771,2025FA,4332,4041,291
10008772,2025FA,5977,4924,1053
10008772,2025SP,9248,4316,4932
10008773,2025FA,5174,4160,1014
10008773,2025SP,4675,5341,-666
10008774,2025FA,10759,4245,6514
10008774,2025SP,6026,7306,-1280
10008775,2025FA,5196,3208,1988
10008775,2025SP,3703,6315,-2612
10008776,2025FA,7959,3887,4072
10008777,2025FA,4931,1365,3566
10008777,2025SP,4761,1618,3143
10008778,2025FA,5067,2235,2832
10008778,2025SP,3449,1970,1479
10008779,2025FA,4394,4019,375
10008780,2025FA,11344,1448,9896
10008781,2025FA,11221,4681,6540
10008782,2025FA,10760,5077,5683
10008783,2025FA,6536,3857,2679
10008784,2025FA,8838,2695,6143
10008784,2025SP,8572,5050,3522
10008785,2025FA,5493,7089,-1596
10008786,2025FA,4325,1355,2970
10008787,2025FA,4794,5422,-628
10008788,2025FA,9350,503,8847
10008788,2025SP,4195,452,3743
10008789,2025FA,4742,1590,3152
10008790,2025FA,6333,996,5337
10008791,2025FA,4823,2935,1888
10008792,2025FA,7937,1882,6055
10008792,2025SP,6709,1095,5614
10008793,2025FA,4693,1369,3324
10008794,2025FA,8659,3188,5471
10008794,2025SP,8680,3776,4904
10008795,2025FA,9416,2266,7150
10008796,2025FA,4381,4826,-445
10008797,2025FA,5228,4634,594
10008798,2025FA,8708,3244,5464
10008799,2025FA,6523,3693,2830
10008800,2025FA,8634,3355,5279
10008801,2025FA,11163,4343,6820
10008802,2025FA,7988,2186,5802
10008802,2025SP,4918,3662,1256
10008803,2025FA,8716,3744,4972
10008803,2025SP,3957,947,3010
10008804,2025FA,5163,3608,1555
10008805,2025FA,5934,3506,2428
10008806,2025FA,5208,2224,2984
10008806,2025SP,3723,7681,-3958
10008807,2025FA,4893,4143,750
10008808,2025FA,7956,1881,6075
10008808,2025SP,4059,1468,2591
10008809,2025FA,4703,2532,2171
10008810,2025FA,4588,3086,1502
10008810,2025SP,8812,4509,4303
10008811,2025FA,4663,3111,1552
10008811,2025SP,4729,3338,1391
10008812,2025FA,4916,3159,1757
10008813,2025FA,4300,2032,2268
10008813,2025SP,4727,208,4519
10008814,2025FA,8146,2520,5626
10008815,2025FA,5990,1677,4313
10008816,2025FA,5250,3123,2127
10008817,2025FA,4781,5225,-444
10008817,2025SP,8582,2674,5908
10008818,2025FA,5221,4153,1068
10008819,2025FA,9442,5500,3942
10008819,2025SP,3680,3442,238
10008820,2025FA,6315,1913,4402
10008821,2025FA,5502,3960,1542
10008822,2025FA,4747,3236,1511
10008823,2025FA,10762,887,9875
10008824,2025FA,10630,1204,9426
10008825,2025FA,8714,5188,3526
10008826,2025FA,10130,2548,7582
10008827,2025FA,11910,4345,7565
10008827,2025SP,4310,2229,2081
10008828,2025FA,4325,3496,829
10008828,2025SP,3872,2985,887
10008829,2025FA,8628,5586,3042
10008829,2025SP,4917,2524,2393
10008830,2025FA,5469,2273,3196
10008831,2025FA,11355,1674,9681
10008831,2025SP,4934,3650,1284
10008832,2025FA,4365,1605,2760
10008833,2025FA,6946,5318,1628
10008834,2025FA,6219,6481,-262
10008834,2025SP,3835,3644,191
10008835,2025FA,4799,2841,1958
10008836,2025FA,9456,6039,3417
10008837,2025FA,4684,2592,2092
10008837,2025SP,9231,5112,4119
10008838,2025FA,4432,7666,-3234
10008839,2025FA,4884,1874,3010
10008840,2025FA,5051,4345,706
10008841,2025FA,4883,2672,2211
10008842,2025FA,4844,5472,-628
10008843,2025FA,4870,4214,656
10008844,2025FA,5949,5117,832
10008845,2025FA,5280,4310,970
10008846,2025FA,4735,1012,3723
10008847,2025FA,4838,4780,58
10008848,2025FA,5288,2990,2298
10008849,2025FA,6288,864,5424
10008850,2025FA,5033,1316,3717
10008851,2025FA,5997,4961,1036
10008852,2025FA,5241,3744,1497
10008852,2025SP,3438,2320,1118
10008853,2025FA,4674,3603,1071
10008854,2025FA,9884,5815,4069
10008855,2025FA,5843,2283,3560
10008855,2025SP,3379,3407,-28
10008856,2025FA,4853,5301,-448
10008857,2025FA,4891,4340,551
10008858,2025FA,5235,400,4835
10008858,2025SP,4666,3497,1169
10008859,2025FA,4437,3189,1248
10008859,2025SP,3332,2119,1213
10008860,2025FA,4831,4250,581
10008861,2025FA,4674,2248,2426
10008862,2025FA,4321,410,3911
10008863,2025FA,5149,972,4177
10008864,2025FA,4794,5321,-527
10008865,2025FA,5545,421,5124
10008866,2025FA,4942,1928,3014
10008867,2025FA,9355,2922,6433
10008868,2025FA,4826,1802,3024
10008868,2025SP,3327,3016,311
10008869,2025FA,10784,985,9799
10008870,2025FA,4468,3006,1462
10008871,2025FA,4884,5350,-466
10008872,2025FA,5457,4660,797
10008872,2025SP,3288,493,2795
10008873,2025FA,4471,2120,2351
10008874,2025FA,4655,2171,2484
10008875,2025FA,6772,4301,2471
10008876,2025FA,5897,4554,1343
10008877,2025FA,6315,6193,122
10008877,2025SP,9994,2315,7679
10008878,2025FA,5103,3445,1658
10008879,2025FA,8808,2140,6668
10008880,2025FA,6557,4772,1785
10008880,2025SP,3697,4428,-731
10008881,2025FA,11334,3498,7836
10008882,2025FA,6070,1481,4589
10008883,2025FA,5038,4130,908
10008884,2025FA,8597,2190,6407
10008885,2025FA,8819,2856,5963
10008886,2025FA,5480,4917,563
10008886,2025SP,4233,3166,1067
10008887,2025FA,5012,3500,1512
10008888,2025FA,6906,1140,5766
10008889,2025FA,6069,4579,1490
10008890,2025FA,5775,7212,-1437
10008890,2025SP,3467,4508,-1041
10008891,2025FA,4765,4272,493
10008891,2025SP,3538,1998,1540
10008892,2025FA,5928,2406,3522
10008892,2025SP,8660,2290,6370
10008893,2025FA,11426,6441,4985
10008894,2025FA,5746,1850,3896
10008894,2025SP,3681,5279,-1598
10008895,2025FA,9269,4170,5099
10008896,2025FA,9433,6344,3089
10008897,2025FA,6690,4029,2661
10008898,2025FA,6052,2328,3724
10008899,2025FA,9381,1386,7995
10008900,2025FA,5270,3933,1337
10008901,2025FA,4703,2153,2550
10008901,2025SP,4756,6689,-1933
10008902,2025FA,5952,1770,4182
10008903,2025FA,6235,3528,2707
10008904,2025FA,4671,669,4002
10008904,2025SP,7527,5462,2065
10008905,2025FA,8140,7168,972
10008906,2025FA,4566,6445,-1879
10008906,2025SP,5231,4281,950
10008907,2025FA,5468,3893,1575
10008908,2025FA,4567,5888,-1321
10008909,2025FA,5785,1472,4313
10008910,2025FA,6066,4141,1925
10008910,2025SP,3812,2360,1452
10008911,2025FA,4933,3889,1044
10008912,2025FA,5481,1741,3740
10008913,2025FA,5024,698,4326
10008914,2025FA,4556,2642,1914
10008914,2025SP,5037,3491,1546
10008915,2025FA,4702,1851,2851
10008916,2025FA,6452,3926,2526
10008916,2025SP,6705,3779,2926
10008917,2025FA,5207,488,4719
10008917,2025SP,8158,740,7418
10008918,2025FA,6236,3256,2980
10008919,2025FA,9214,4962,4252
10008920,2025FA,5152,1861,3291
10008921,2025FA,5952,1578,4374
10008921,2025SP,4867,3505,1362
10008922,2025FA,5288,3920,1368
10008922,2025SP,3428,3488,-60
10008923,2025FA,4672,3191,1481
10008923,2025SP,3376,4512,-1136
10008924,2025FA,10719,3324,7395
10008924,2025SP,3619,3136,483
10008925,2025FA,5951,4689,1262
10008925,2025SP,5262,1859,3403
10008926,2025FA,5014,3322,1692
10008927,2025FA,10705,7973,2732
10008927,2025SP,7961,2986,4975
10008928,2025FA,4834,4031,803
10008928,2025SP,5159,2320,2839
10008929,2025FA,5356,1885,3471
10008930,2025FA,9235,336,8899
10008930,2025SP,4419,4495,-76
10008931,2025FA,9239,1597,7642
10008931,2025SP,3369,4573,-1204
10008932,2025FA,8591,2399,6192
10008933,2025FA,6165,2084,4081
10008934,2025FA,4765,3046,1719
10008934,2025SP,6871,2492,4379
10008935,2025FA,5037,1860,3177
10008935,2025SP,3953,5420,-1467
10008936,2025FA,5952,2527,3425
10008936,2025SP,5082,4824,258
10008937,2025FA,10796,4925,5871
10008937,2025SP,5289,7483,-2194
10008938,2025FA,6527,1813,4714
10008938,2025SP,5231,1558,3673
10008939,2025FA,4892,4195,697
10008940,2025FA,10126,1860,8266
10008941,2025FA,6491,1491,5000
10008942,2025FA,10550,1953,8597
10008943,2025FA,4412,5480,-1068
10008944,2025FA,5094,3734,1360
10008945,2025FA,4445,1722,2723
10008946,2025FA,5520,6015,-495
10008947,2025FA,4536,764,3772
10008948,2025FA,4685,3879,806
10008949,2025FA,8107,4551,3556
10008950,2025FA,4763,4794,-31
10008951,2025FA,5198,2679,2519
10008951,2025SP,4782,4164,618
10008952,2025FA,4572,3380,1192
10008952,2025SP,4053,3496,557
10008953,2025FA,4785,1139,3646
10008954,2025FA,9910,5248,4662
10008955,2025FA,6319,6285,34
10008956,2025FA,8835,3222,5613
10008957,2025FA,5122,2075,3047
10008958,2025FA,4707,2432,2275
10008959,2025FA,6637,236,6401
10008959,2025SP,4557,5027,-470
10008960,2025FA,4381,1774,2607
10008961,2025FA,5823,356,5467
10008962,2025FA,5109,3000,2109
10008962,2025SP,4922,4933,-11
10008963,2025FA,5160,5010,150
10008964,2025FA,4767,3448,1319
10008964,2025SP,9348,1600,7748
10008965,2025FA,8777,589,8188
10008965,2025SP,3364,3385,-21
10008966,2025FA,9241,2842,6399
10008967,2025FA,8562,3949,4613
10008967,2025SP,3394,4511,-1117
10008968,2025FA,8793,5712,3081
10008968,2025SP,7951,2856,5095
10008969,2025FA,6347,3449,2898
10008970,2025FA,5422,4725,697
10008971,2025FA,12030,1521,10509
10008972,2025FA,5026,3345,1681
10008972,2025SP,4771,331,4440
10008973,2025FA,9266,5329,3937
10008974,2025FA,11310,3565,7745
10008975,2025FA,10099,1910,8189
10008976,2025FA,5214,866,4348
10008977,2025FA,8069,2406,5663
10008978,2025FA,5158,4211,947
10008978,2025SP,4521,1302,3219
10008979,2025FA,4808,5418,-610
10008980,2025FA,8731,2236,6495
10008981,2025FA,6622,1959,4663
10008982,2025FA,5858,2228,3630
10008983,2025FA,6450,6810,-360
10008984,2025FA,6084,4252,1832
10008984,2025SP,3627,3502,125
10008985,2025FA,12052,4013,8039
10008986,2025FA,4544,1132,3412
10008986,2025SP,3699,5442,-1743
10008987,2025FA,6527,4519,2008
10008987,2025SP,5109,2732,2377
10008988,2025FA,5479,1365,4114
10008989,2025FA,4317,4385,-68
10008990,2025FA,5464,1439,4025
10008991,2025FA,8638,4880,3758
10008992,2025FA,4394,3755,639
10008992,2025SP,4366,3991,375
10008993,2025FA,6237,1286,4951
10008993,2025SP,4818,1958,2860
10008994,2025FA,6562,1612,4950
10008995,2025FA,5206,3492,1714
10008996,2025FA,5528,4028,1500
10008997,2025FA,9923,2220,7703
10008997,2025SP,4430,3110,1320
10008998,2025FA,4354,3676,678
10008999,2025FA,7962,2521,5441
10009000,2025FA,4344,3653,691
10009001,2025FA,4759,3156,1603
10009002,2025FA,8660,1246,7414
10009002,2025SP,3639,5318,-1679
10009003,2025FA,11179,4370,6809
10009003,2025SP,4557,961,3596
10009004,2025FA,9929,6341,3588
10009005,2025FA,5066,492,4574
10009006,2025FA,5570,3323,2247
10009007,2025FA,8147,7216,931
10009008,2025FA,4707,3867,840
10009008,2025SP,3976,2604,1372
10009009,2025FA,4794,4761,33
10009010,2025FA,4459,1227,3232
10009011,2025FA,4680,797,3883
10009011,2025SP,7416,3192,4224
10009012,2025FA,5104,6633,-1529
10009012,2025SP,6626,3175,3451
10009013,2025FA,8141,3245,4896
10009014,2025FA,8847,4941,3906
10009015,2025FA,5714,7402,-1688
10009016,2025FA,5109,3344,1765
10009017,2025FA,8838,2650,6188
10009017,2025SP,6803,4822,1981
10009018,2025FA,8694,1655,7039
10009018,2025SP,3676,2734,942
10009019,2025FA,11376,1759,9617
10009020,2025FA,5053,738,4315
10009020,2025SP,3716,3812,-96
10009021,2025FA,4655,3405,1250
10009022,2025FA,4786,2263,2523
10009022,2025SP,4409,2165,2244
10009023,2025FA,5935,4320,1615
10009023,2025SP,4876,3983,893
10009024,2025FA,8590,1841,6749
10009025,2025FA,10563,1921,8642
10009026,2025FA,5261,2694,2567
10009027,2025FA,6101,3246,2855
10009027,2025SP,4104,4648,-544
10009028,2025FA,11192,628,10564
10009028,2025SP,4517,2091,2426
10009029,2025FA,4906,3326,1580
10009029,2025SP,4159,4205,-46
10009030,2025FA,5437,5163,274
10009030,2025SP,6710,4869,1841
10009031,2025FA,4466,6251,-1785
10009032,2025FA,9968,1665,8303
10009032,2025SP,3853,3965,-112
10009033,2025FA,5208,4132,1076
10009034,2025FA,4694,4263,431
10009035,2025FA,5890,2818,3072
10009035,2025SP,6133,2318,3815
10009036,2025FA,8790,3220,5570
10009037,2025FA,9477,4411,5066
10009038,2025FA,9476,6381,3095
10009038,2025SP,9457,2143,7314
10009039,2025FA,8576,3066,5510
10009039,2025SP,4808,4070,738
10009040,2025FA,6629,590,6039
10009040,2025SP,4932,2427,2505
10009041,2025FA,10585,4254,6331
10009042,2025FA,4928,1949,2979
10009043,2025FA,5523,4715,808
10009043,2025SP,3690,2325,1365
10009044,2025FA,4736,204,4532
10009045,2025FA,6105,2750,3355
10009046,2025FA,4800,906,3894
10009047,2025FA,8634,2970,5664
10009048,2025FA,5215,3200,2015
10009049,2025FA,9923,1734,8189
10009050,2025FA,8766,3762,5004
10009051,2025FA,5230,3044,2186
10009052,2025FA,5741,5104,637
10009053,2025FA,5183,2199,2984
10009054,2025FA,11331,1691,9640
10009055,2025FA,8555,7601,954
10009056,2025FA,6235,1079,5156
10009056,2025SP,4821,4323,498
10009057,2025FA,8718,5533,3185
10009058,2025FA,9438,2041,7397
10009059,2025FA,5707,2834,2873
10009059,2025SP,6827,4266,2561
10009060,2025FA,9403,3009,6394
10009061,2025FA,4831,3851,980
10009061,2025SP,3991,3436,555
10009062,2025FA,5045,2838,2207
10009062,2025SP,6193,4518,1675
10009063,2025FA,6509,3750,2759
10009063,2025SP,10142,689,9453
10009064,2025FA,9234,1786,7448
10009065,2025FA,4592,5459,-867
10009065,2025SP,5159,2289,2870
10009066,2025FA,9341,4165,5176
10009067,2025FA,5406,4484,922
10009068,2025FA,11342,5532,5810
10009068,2025SP,6140,3055,3085
10009069,2025FA,8815,3746,5069
10009070,2025FA,7912,3147,4765
10009071,2025FA,6261,1801,4460
10009072,2025FA,5383,5482,-99
10009073,2025FA,4397,1136,3261
10009074,2025FA,4665,249,4416
10009075,2025FA,9994,5586,4408
10009076,2025FA,5980,1920,4060
10009076,2025SP,9439,3304,6135
10009077,2025FA,5603,6014,-411
10009077,2025SP,3374,728,2646
10009078,2025FA,6225,1383,4842
10009079,2025FA,5951,3683,2268
10009080,2025FA,5440,2864,2576
10009081,2025FA,9251,3438,5813
10009081,2025SP,4410,4803,-393
10009082,2025FA,5596,2493,3103
10009082,2025SP,3805,3439,366
10009083,2025FA,4851,3392,1459
10009083,2025SP,3766,1444,2322
10009084,2025FA,8586,5402,3184
10009085,2025FA,4738,5035,-297
10009086,2025FA,4408,3364,1044
10009087,2025FA,5160,5143,17
10009088,2025FA,10625,1441,9184
10009088,2025SP,3542,2846,696
10009089,2025FA,6078,1145,4933
10009089,2025SP,4143,1094,3049
10009090,2025FA,6296,3021,3275
10009090,2025SP,8775,2453,6322
10009091,2025FA,8662,2131,6531
10009091,2025SP,3803,1870,1933
10009092,2025FA,6128,2200,3928
10009093,2025FA,8565,204,8361
10009094,2025FA,4579,2701,1878
10009095,2025FA,5201,4712,489
10009096,2025FA,6071,1769,4302
10009097,2025FA,6143,2843,3300
10009098,2025FA,4375,2112,2263
10009099,2025FA,5731,383,5348
10009100,2025FA,8663,2917,5746
10009100,2025SP,3719,1677,2042
10009101,2025FA,5776,5266,510
10009102,2025FA,12091,3468,8623
10009103,2025FA,8015,1301,6714
10009104,2025FA,6178,2906,3272
10009105,2025FA,5628,1376,4252
10009106,2025FA,8710,3759,4951
10009107,2025FA,5920,5378,542
10009107,2025SP,5189,4837,352
10009108,2025FA,5430,1676,3754
10009108,2025SP,9458,4732,4726
10009109,2025FA,5265,3962,1303
10009110,2025FA,6590,722,5868
10009110,2025SP,6120,3321,2799
10009111,2025FA,4571,2824,1747
10009112,2025FA,5355,3585,1770
10009113,2025FA,4472,4754,-282
10009113,2025SP,8671,1447,7224
10009114,2025FA,4711,1082,3629
10009115,2025FA,5546,4691,855
10009115,2025SP,6242,3577,2665
10009116,2025FA,5387,1494,3893
10009117,2025FA,8739,1873,6866
10009118,2025FA,4462,3922,540
10009119,2025FA,4514,2512,2002
10009120,2025FA,5978,4503,1475
10009121,2025FA,4864,2847,2017
10009121,2025SP,6790,5135,1655
10009122,2025FA,8764,2224,6540
10009123,2025FA,5990,3630,2360
10009124,2025FA,4688,2246,2442
10009124,2025SP,3692,1059,2633
10009125,2025FA,6610,1836,4774
10009126,2025FA,9412,3454,5958
10009126,2025SP,4138,4123,15
10009127,2025FA,4862,4192,670
10009127,2025SP,3437,3889,-452
10009128,2025FA,4422,1735,2687
10009129,2025FA,5179,4096,1083
10009129,2025SP,3525,1979,1546
10009130,2025FA,4523,5562,-1039
10009131,2025FA,9305,4934,4371
10009132,2025FA,4926,4599,327
10009133,2025FA,5073,1357,3716
10009134,2025FA,8678,3552,5126
10009135,2025FA,5937,5926,11
10009136,2025FA,5008,5029,-21
10009136,2025SP,4360,5153,-793
10009137,2025FA,5950,2038,3912
10009138,2025FA,10714,1802,8912
10009139,2025FA,8047,2960,5087
10009140,2025FA,8569,2345,6224
10009141,2025FA,10645,2448,8197
10009142,2025FA,6517,3305,3212
10009143,2025FA,5712,2649,3063
10009144,2025FA,5416,3516,1900
10009145,2025FA,9406,4154,5252
10009146,2025FA,5085,3860,1225
10009146,2025SP,3502,1720,1782
10009147,2025FA,8844,2231,6613
10009148,2025FA,5163,4943,220
10009148,2025SP,6250,6688,-438
10009149,2025FA,8730,1058,7672
10009150,2025FA,9408,5881,3527
10009151,2025FA,4865,3725,1140
10009152,2025FA,4747,7585,-2838
10009153,2025FA,11903,5768,6135
10009154,2025FA,8554,3872,4682
10009155,2025FA,4661,4108,553
10009155,2025SP,3709,3884,-175
10009156,2025FA,5099,2831,2268
10009156,2025SP,4541,1763,2778
10009157,2025FA,4308,2471,1837
10009157,2025SP,6188,1781,4407
10009158,2025FA,9495,4226,5269
10009159,2025FA,9333,4090,5243
10009160,2025FA,4735,5982,-1247
10009161,2025FA,4328,4296,32
10009162,2025FA,8551,3954,4597
10009163,2025FA,11332,3204,8128
10009164,2025FA,4540,6188,-1648
10009165,2025FA,6322,5059,1263
10009165,2025SP,6606,3604,3002
10009166,2025FA,10772,3928,6844
10009167,2025FA,10741,3556,7185
10009167,2025SP,4482,3353,1129
10009168,2025FA,5874,4408,1466
10009169,2025FA,5109,317,4792
10009170,2025FA,5952,1084,4868
10009171,2025FA,4875,3004,1871
10009172,2025FA,7925,1530,6395
10009172,2025SP,3826,5299,-1473
10009173,2025FA,7900,2701,5199
10009174,2025FA,4796,2564,2232
10009175,2025FA,8045,3626,4419
10009176,2025FA,4681,2999,1682
10009176,2025SP,4931,4593,338
10009177,2025FA,6869,3887,2982
10009177,2025SP,4012,3685,327
10009178,2025FA,10589,1288,9301
10009179,2025FA,4670,3663,1007
10009180,2025FA,5700,3058,2642
10009181,2025FA,4794,5027,-233
10009181,2025SP,3954,1660,2294
10009182,2025FA,8800,6222,2578
10009182,2025SP,3777,2470,1307
10009183,2025FA,4371,4134,237
10009183,2025SP,3515,3443,72
10009184,2025FA,8638,2283,6355
10009185,2025FA,6442,946,5496
10009186,2025FA,5275,3411,1864
10009187,2025FA,4393,4057,336
10009187,2025SP,6631,5482,1149
10009188,2025FA,5085,4743,342
10009189,2025FA,5415,4802,613
10009189,2025SP,4127,3083,1044
10009190,2025FA,6293,2158,4135
10009190,2025SP,6740,1942,4798
10009191,2025FA,6347,1832,4515
10009191,2025SP,8703,4038,4665
10009192,2025FA,5989,2832,3157
10009192,2025SP,7961,3307,4654
10009193,2025FA,9472,3592,5880
10009194,2025FA,5010,3468,1542
10009195,2025FA,11185,4632,6553
10009195,2025SP,4327,2015,2312
10009196,2025FA,4546,1627,2919
10009197,2025FA,5875,1484,4391
10009197,2025SP,5190,1785,3405
10009198,2025FA,4766,2086,2680
10009199,2025FA,4533,2943,1590
10009200,2025FA,8670,5539,3131
10009201,2025FA,9979,5260,4719
10009201,2025SP,4346,6345,-1999
10009202,2025FA,7987,329,7658
10009203,2025FA,4943,1724,3219
10009204,2025FA,5477,1012,4465
10009205,2025FA,5092,3852,1240
10009206,2025FA,5023,1917,3106
10009206,2025SP,5203,2967,2236
10009207,2025FA,4892,1373,3519
10009208,2025FA,4671,4609,62
10009209,2025FA,4502,2845,1657
10009209,2025SP,4033,1195,2838
10009210,2025FA,6210,771,5439
10009210,2025SP,3877,3026,851
10009211,2025FA,4549,3900,649
10009211,2025SP,3852,1032,2820
10009212,2025FA,4871,1008,3863
10009212,2025SP,3336,883,2453
10009213,2025FA,4430,4562,-132
10009213,2025SP,3426,3576,-150
10009214,2025FA,8553,2130,6423
10009214,2025SP,8699,2560,6139
10009215,2025FA,8650,3377,5273
10009215,2025SP,3994,5735,-1741
10009216,2025FA,4585,5281,-696
10009217,2025FA,4528,1533,2995
10009218,2025FA,10013,1861,8152
10009219,2025FA,4407,3677,730
10009220,2025FA,4859,1379,3480
10009220,2025SP,5112,3927,1185
10009221,2025FA,4770,1508,3262
10009222,2025FA,4776,2044,2732
10009223,2025FA,6541,3224,3317
10009224,2025FA,4656,2691,1965
10009225,2025FA,9497,4409,5088
10009226,2025FA,4804,5129,-325
10009227,2025FA,4809,5210,-401
10009228,2025FA,9890,4207,5683
10009229,2025FA,5172,3343,1829
10009230,2025FA,6115,5147,968
10009230,2025SP,3702,2969,733
10009231,2025FA,4330,3936,394
10009232,2025FA,6176,2596,3580
10009233,2025FA,4531,2071,2460
10009233,2025SP,3382,3388,-6
10009234,2025FA,4758,3711,1047
10009235,2025FA,4802,1783,3019
10009236,2025FA,4724,1410,3314
10009237,2025FA,8615,674,7941
10009238,2025FA,6071,6581,-510
10009239,2025FA,5995,3059,2936
10009239,2025SP,3259,6651,-3392
10009240,2025FA,5221,4982,239
10009240,2025SP,3542,3959,-417
10009241,2025FA,10031,916,9115
10009241,2025SP,8790,4977,3813
10009242,2025FA,5957,5004,953
10009242,2025SP,6167,3804,2363
10009243,2025FA,5290,4040,1250
10009244,2025FA,9210,3426,5784
10009244,2025SP,6860,5639,1221
10009245,2025FA,4564,4450,114
10009245,2025SP,4901,4119,782
10009246,2025FA,12072,1771,10301
10009246,2025SP,4225,5742,-1517
10009247,2025FA,6181,2355,3826
10009247,2025SP,6871,7033,-162
10009248,2025FA,5990,6057,-67
10009248,2025SP,6714,1417,5297
10009249,2025FA,4859,4131,728
10009250,2025FA,4424,1137,3287
10009251,2025FA,9327,1750,7577
10009251,2025SP,4883,3918,965
10009252,2025FA,8588,2388,6200
10009252,2025SP,4858,4340,518
10009253,2025FA,5298,766,4532
10009253,2025SP,4404,1741,2663
10009254,2025FA,4797,4672,125
10009255,2025FA,10528,749,9779
10009256,2025FA,4831,2800,2031
10009257,2025FA,4673,532,4141
10009257,2025SP,4710,2469,2241
10009258,2025FA,4691,3055,1636
10009258,2025SP,4661,8118,-3457
10009259,2025FA,10107,1523,8584
10009260,2025FA,6756,1313,5443
10009261,2025FA,5882,4193,1689
10009261,2025SP,5362,1503,3859
10009262,2025FA,5709,2252,3457
10009262,2025SP,6158,2480,3678
10009263,2025FA,10605,3229,7376
10009263,2025SP,6627,3607,3020
10009264,2025FA,5733,1824,3909
10009265,2025FA,6663,3862,2801
10009265,2025SP,4893,3364,1529
10009266,2025FA,5052,1833,3219
10009266,2025SP,4431,5284,-853
10009267,2025FA,8818,5995,2823
10009268,2025FA,4594,6468,-1874
10009269,2025FA,4756,2171,2585
10009269,2025SP,3653,3923,-270
10009270,2025FA,10611,2340,8271
10009271,2025FA,5953,2839,3114
10009272,2025FA,8693,3406,5287
10009272,2025SP,4411,4599,-188
10009273,2025FA,5182,4752,430
10009274,2025FA,10745,5709,5036
10009275,2025FA,5173,2613,2560
10009275,2025SP,6006,306,5700
10009276,2025FA,4805,1262,3543
10009277,2025FA,4881,5097,-216
10009278,2025FA,5139,4021,1118
10009279,2025FA,4669,1502,3167
10009280,2025FA,9399,1535,7864
10009281,2025FA,6120,5079,1041
10009282,2025FA,5758,4933,825
10009282,2025SP,4305,3967,338
10009283,2025FA,5738,4464,1274
10009284,2025FA,6291,2962,3329
10009284,2025SP,5554,4883,671
10009285,2025FA,4938,5621,-683
10009286,2025FA,4652,1997,2655
10009286,2025SP,7937,6480,1457
10009287,2025FA,5360,2526,2834
10009287,2025SP,3611,7749,-4138
10009288,2025FA,5300,3111,2189
10009289,2025FA,5184,5805,-621
10009290,2025FA,8102,4142,3960
10009291,2025FA,4397,4101,296
10009292,2025FA,6152,1971,4181
10009292,2025SP,4083,2992,1091
10009293,2025FA,4487,1717,2770
10009294,2025FA,5100,3599,1501
10009295,2025FA,5063,3739,1324
10009295,2025SP,4050,1151,2899
10009296,2025FA,5351,803,4548
10009297,2025FA,9204,3727,5477
10009298,2025FA,11968,1930,10038
10009299,2025FA,9458,6450,3008
10009300,2025FA,6669,648,6021
10009300,2025SP,6104,5271,833
10009301,2025FA,4862,4861,1
10009301,2025SP,6653,5273,1380
10009302,2025FA,5907,5559,348
10009302,2025SP,4800,2816,1984
10009303,2025FA,4329,4498,-169
10009303,2025SP,6822,1634,5188
10009304,2025FA,4355,4056,299
10009305,2025FA,8165,4625,3540
10009306,2025FA,6326,1138,5188
10009306,2025SP,4851,3959,892
10009307,2025FA,8602,5451,3151
10009308,2025FA,4408,3144,1264
10009309,2025FA,4869,5686,-817
10009310,2025FA,4597,3406,1191
10009310,2025SP,5164,3635,1529
10009311,2025FA,5033,7185,-2152
10009311,2025SP,5027,4222,805
10009312,2025FA,5412,5270,142
10009313,2025FA,4943,1970,2973
10009314,2025FA,8762,2763,5999
10009314,2025SP,6070,1370,4700
10009315,2025FA,5084,5831,-747
10009316,2025FA,8018,3095,4923
10009316,2025SP,4770,3499,1271
10009317,2025FA,10533,1732,8801
10009318,2025FA,5844,3665,2179
10009319,2025FA,9994,1229,8765
10009319,2025SP,4566,3594,972
10009320,2025FA,6170,3193,2977
10009321,2025FA,8138,5924,2214
10009321,2025SP,4141,3559,582
10009322,2025FA,6344,3715,2629
10009322,2025SP,3728,5189,-1461
10009323,2025FA,4347,5411,-1064
10009323,2025SP,4733,2846,1887
10009324,2025FA,4314,5322,-1008
10009325,2025FA,8080,4463,3617
10009326,2025FA,5615,4913,702
10009327,2025FA,5824,1104,4720
10009327,2025SP,4505,3766,739
10009328,2025FA,10013,6147,3866
10009329,2025FA,4351,5372,-1021
10009330,2025FA,4770,4512,258
10009331,2025FA,4856,710,4146
10009332,2025FA,7369,4934,2435
10009333,2025FA,10666,2468,8198
10009334,2025FA,4790,4481,309
10009334,2025SP,3751,2305,1446
10009335,2025FA,4822,2915,1907
10009336,2025FA,4317,1735,2582
10009337,2025FA,8156,5210,2946
10009337,2025SP,3404,5062,-1658
10009338,2025FA,6153,1954,4199
10009339,2025FA,4480,3445,1035
10009339,2025SP,4845,2428,2417
10009340,2025FA,6227,1675,4552
10009340,2025SP,5087,4425,662
10009341,2025FA,4663,1470,3193
10009341,2025SP,3740,3822,-82
10009342,2025FA,4834,4809,25
10009342,2025SP,7352,2723,4629
10009343,2025FA,4809,1464,3345
10009344,2025FA,5481,1950,3531
10009344,2025SP,5358,1986,3372
10009345,2025FA,4317,2366,1951
10009345,2025SP,4530,1078,3452
10009346,2025FA,8673,7970,703
10009347,2025FA,5742,2426,3316
10009347,2025SP,8693,2347,6346
10009348,2025FA,9332,3838,5494
10009348,2025SP,3954,6408,-2454
10009349,2025FA,4756,628,4128
10009350,2025FA,8601,4451,4150
10009350,2025SP,8649,3708,4941
10009351,2025FA,6229,4215,2014
10009352,2025FA,4799,1669,3130
10009353,2025FA,9492,1970,7522
10009354,2025FA,6162,827,5335
10009355,2025FA,4853,1933,2920
10009356,2025FA,5862,5941,-79
10009357,2025FA,5047,2694,2353
10009358,2025FA,4748,2361,2387
10009359,2025FA,4742,5970,-1228
10009359,2025SP,5186,7161,-1975
10009360,2025FA,4467,2159,2308
10009360,2025SP,3649,3272,377
10009361,2025FA,5886,4490,1396
10009361,2025SP,8752,690,8062
10009362,2025FA,5799,1514,4285
10009362,2025SP,4023,2612,1411
10009363,2025FA,5807,5319,488
10009364,2025FA,4600,4769,-169
10009364,2025SP,5101,3277,1824
10009365,2025FA,9329,1288,8041
10009365,2025SP,4870,1046,3824
10009366,2025FA,4450,1904,2546
10009367,2025FA,10708,1726,8982
10009367,2025SP,4651,523,4128
10009368,2025FA,5957,1724,4233
10009368,2025SP,3522,2253,1269
10009369,2025FA,4871,5542,-671
10009369,2025SP,6129,4864,1265
10009370,2025FA,5147,4006,1141
10009370,2025SP,5251,3035,2216
10009371,2025FA,5531,4033,1498
10009372,2025FA,4366,5115,-749
10009373,2025FA,4826,2857,1969
10009373,2025SP,3687,5783,-2096
10009374,2025FA,5130,5874,-744
10009374,2025SP,4913,6593,-1680
10009375,2025FA,5919,1559,4360
10009376,2025FA,5997,2074,3923
10009376,2025SP,4127,4723,-596
10009377,2025FA,5126,2372,2754
10009378,2025FA,11221,4659,6562
10009378,2025SP,3898,1893,2005
10009379,2025FA,5146,3884,1262
10009380,2025FA,10535,1503,9032
10009381,2025FA,5565,3303,2262
10009382,2025FA,6441,661,5780
10009382,2025SP,7323,4256,3067
10009383,2025FA,9426,3162,6264
10009383,2025SP,4874,2036,2838
10009384,2025FA,4721,3565,1156
10009385,2025FA,8158,2689,5469
10009386,2025FA,4772,2287,2485
10009387,2025FA,8677,2798,5879
10009387,2025SP,3666,4318,-652
10009388,2025FA,6252,5837,415
10009389,2025FA,9434,1387,8047
10009390,2025FA,4313,3451,862
10009390,2025SP,6741,4742,1999
10009391,2025FA,5553,1635,3918
10009391,2025SP,3843,493,3350
10009392,2025FA,7984,2896,5088
10009392,2025SP,8731,5996,2735
10009393,2025FA,8694,3762,4932
10009394,2025FA,8166,4422,3744
10009395,2025FA,4530,4155,375
10009395,2025SP,5129,3745,1384
10009396,2025FA,5565,4879,686
10009396,2025SP,9273,3509,5764
10009397,2025FA,8722,3207,5515
10009397,2025SP,8094,4402,3692
10009398,2025FA,9346,4619,4727
10009399,2025FA,9256,3727,5529
10009400,2025FA,4791,1384,3407
10009400,2025SP,3446,1585,1861
10009401,2025FA,6687,2483,4204
10009402,2025FA,4562,3557,1005
10009403,2025FA,4845,4528,317
10009404,2025FA,6084,3640,2444
10009405,2025FA,9494,2743,6751
10009406,2025FA,5994,7601,-1607
10009407,2025FA,5535,3562,1973
10009408,2025FA,4818,853,3965
10009409,2025FA,5387,1425,3962
10009410,2025FA,10718,1684,9034
10009411,2025FA,4901,3979,922
10009411,2025SP,4377,3995,382
10009412,2025FA,7958,2387,5571
10009413,2025FA,5623,2182,3441
10009414,2025FA,8830,3193,5637
10009415,2025FA,4402,3963,439
10009415,2025SP,5245,1504,3741
10009416,2025FA,5136,3240,1896
10009417,2025FA,5039,5155,-116
10009418,2025FA,11318,4533,6785
10009418,2025SP,4868,2722,2146
10009419,2025FA,5994,2784,3210
10009420,2025FA,6541,2881,3660
10009421,2025FA,6120,854,5266
10009421,2025SP,3421,1976,1445
10009422,2025FA,8706,3618,5088
10009422,2025SP,3612,583,3029
10009423,2025FA,4928,2289,2639
10009423,2025SP,3385,266,3119
10009424,2025FA,5053,3691,1362
10009425,2025FA,4764,3103,1661
10009425,2025SP,3528,319,3209
10009426,2025FA,4481,738,3743
10009427,2025FA,8572,884,7688
10009428,2025FA,8063,3912,4151
10009429,2025FA,5635,1468,4167
10009429,2025SP,3514,4820,-1306
10009430,2025FA,10516,4664,5852
10009431,2025FA,5093,3698,1395
10009432,2025FA,9310,1968,7342
10009432,2025SP,4529,4281,248
10009433,2025FA,8787,1944,6843
10009434,2025FA,6218,2234,3984
10009435,2025FA,5494,5490,4
10009436,2025FA,8617,1116,7501
10009437,2025FA,5878,2262,3616
10009437,2025SP,3353,5085,-1732
10009438,2025FA,4891,2908,1983
10009439,2025FA,8030,1451,6579
10009440,2025FA,4430,3887,543
10009440,2025SP,3379,629,2750
10009441,2025FA,10696,4177,6519
10009441,2025SP,4812,6131,-1319
10009442,2025FA,8803,3918,4885
10009442,2025SP,3684,4911,-1227
10009443,2025FA,5962,2625,3337
10009443,2025SP,4337,3027,1310
10009444,2025FA,8713,4154,4559
10009444,2025SP,4548,3963,585
10009445,2025FA,5046,1901,3145
10009445,2025SP,6129,1993,4136
10009446,2025FA,4667,520,4147
10009447,2025FA,4698,1688,3010
10009448,2025FA,6323,5917,406
10009449,2025FA,8715,2260,6455
10009450,2025FA,10059,3358,6701
10009451,2025FA,4439,3710,729
10009451,2025SP,4537,3585,952
10009452,2025FA,6210,3067,3143
10009453,2025FA,5254,2654,2600
10009453,2025SP,3730,698,3032
10009454,2025FA,8826,2937,5889
10009455,2025FA,4770,5138,-368
10009456,2025FA,6176,2450,3726
10009457,2025FA,5463,1718,3745
10009458,2025FA,5595,2694,2901
10009458,2025SP,3814,2970,844
10009459,2025FA,5751,2446,3305
10009460,2025FA,4397,4535,-138
10009461,2025FA,8735,2727,6008
10009461,2025SP,4578,2462,2116
10009462,2025FA,4368,5468,-1100
10009462,2025SP,8111,1609,6502
10009463,2025FA,4774,1276,3498
10009464,2025FA,4706,2972,1734
10009465,2025FA,5370,3676,1694
10009466,2025FA,11422,4231,7191
10009467,2025FA,4809,2964,1845
10009468,2025FA,5614,889,4725
10009469,2025FA,4870,2602,2268
10009470,2025FA,5626,4446,1180
10009470,2025SP,4932,5019,-87
10009471,2025FA,4895,3393,1502
10009472,2025FA,4665,4415,250
10009473,2025FA,9484,7152,2332
10009474,2025FA,5006,3437,1569
10009474,2025SP,4868,1990,2878
10009475,2025FA,9243,4487,4756
10009476,2025FA,6087,3391,2696
10009477,2025FA,5368,275,5093
10009478,2025FA,5352,6672,-1320
10009479,2025FA,11449,5030,6419
10009480,2025FA,8158,3339,4819
10009481,2025FA,5183,3155,2028
10009481,2025SP,4033,1050,2983
10009482,2025FA,9205,4027,5178
10009483,2025FA,5248,3786,1462
10009484,2025FA,4886,5572,-686
10009484,2025SP,3277,2912,365
10009485,2025FA,4587,3141,1446
10009486,2025FA,5537,4536,1001
10009487,2025FA,5008,3586,1422
10009487,2025SP,6052,4678,1374
10009488,2025FA,8092,3181,4911
10009488,2025SP,3762,3374,388
10009489,2025FA,8724,2840,5884
10009489,2025SP,8731,756,7975
10009490,2025FA,4506,4099,407
10009490,2025SP,8723,1587,7136
10009491,2025FA,8191,3318,4873
10009491,2025SP,4791,4165,626
10009492,2025FA,11267,1543,9724
10009493,2025FA,6243,3763,2480
10009494,2025FA,10642,2230,8412
10009495,2025FA,4454,4105,349
10009495,2025SP,9230,2529,6701
10009496,2025FA,5629,5477,152
10009497,2025FA,5418,2998,2420
10009498,2025FA,5189,2459,2730
10009499,2025FA,11375,485,10890
10009499,2025SP,8765,2777,5988
10009500,2025FA,5928,4967,961
10009500,2025SP,4747,1153,3594
10009501,2025FA,5026,1901,3125
10009502,2025FA,8702,4304,4398
10009503,2025FA,4666,2326,2340
10009504,2025FA,8715,6505,2210
10009504,2025SP,8835,1638,7197
10009505,2025FA,11160,2482,8678
10009506,2025FA,4461,5217,-756
10009506,2025SP,3729,2542,1187
10009507,2025FA,8086,2901,5185
10009508,2025FA,5460,3136,2324
10009508,2025SP,4813,770,4043
10009509,2025FA,4435,7570,-3135
10009510,2025FA,6281,6191,90
10009511,2025FA,4919,1831,3088
10009511,2025SP,3871,1697,2174
10009512,2025FA,5706,5971,-265
10009513,2025FA,4478,3735,743
10009513,2025SP,3680,3656,24
10009514,2025FA,5183,2785,2398
10009514,2025SP,4877,1243,3634
10009515,2025FA,4839,7197,-2358
10009515,2025SP,5277,3938,1339
10009516,2025FA,5797,558,5239
10009516,2025SP,4129,1734,2395
10009517,2025FA,4848,1956,2892
10009517,2025SP,4742,5736,-994
10009518,2025FA,4860,370,4490
10009519,2025FA,5877,4176,1701
10009519,2025SP,6607,2867,3740
10009520,2025FA,5159,1574,3585
10009521,2025FA,5283,1885,3398
10009521,2025SP,4742,4395,347
10009522,2025FA,10771,6295,4476
10009523,2025FA,8820,2841,5979
10009523,2025SP,5287,1786,3501
10009524,2025FA,6277,1066,5211
10009524,2025SP,3414,1122,2292
10009525,2025FA,5050,1856,3194
10009525,2025SP,5252,1415,3837
10009526,2025FA,8125,5568,2557
10009526,2025SP,4727,1305,3422
10009527,2025FA,4777,2581,2196
10009528,2025FA,4409,6661,-2252
10009528,2025SP,4744,5999,-1255
10009529,2025FA,4344,978,3366
10009530,2025FA,4821,4252,569
10009531,2025FA,4357,2469,1888
10009532,2025FA,6490,2655,3835
10009533,2025FA,8798,1439,7359
10009534,2025FA,4857,2599,2258
10009534,2025SP,5370,3526,1844
10009535,2025FA,4402,4292,110
10009535,2025SP,4783,5598,-815
10009536,2025FA,12036,2126,9910
10009537,2025FA,6173,2515,3658
10009538,2025FA,10676,2656,8020
10009539,2025FA,10022,3926,6096
10009540,2025FA,4761,4074,687
10009540,2025SP,4874,5931,-1057
10009541,2025FA,4784,3981,803
10009541,2025SP,8014,2763,5251
10009542,2025FA,4810,2796,2014
10009543,2025FA,8661,2331,6330
10009543,2025SP,4730,4647,83
10009544,2025FA,4730,1624,3106
10009545,2025FA,4745,3577,1168
10009546,2025FA,4680,2342,2338
10009546,2025SP,5186,630,4556
10009547,2025FA,4398,3153,1245
10009548,2025FA,8619,2445,6174
10009549,2025FA,5730,3680,2050
10009550,2025FA,4673,3702,971
10009550,2025SP,5353,2379,2974
10009551,2025FA,5006,2234,2772
10009551,2025SP,4317,3902,415
10009552,2025FA,4559,959,3600
10009553,2025FA,5720,324,5396
10009554,2025FA,5456,3166,2290
10009554,2025SP,3382,3168,214
10009555,2025FA,4679,3923,756
10009555,2025SP,9210,232,8978
10009556,2025FA,4672,5095,-423
10009557,2025FA,4745,2095,2650
10009558,2025FA,5275,4665,610
10009558,2025SP,5164,2999,2165
10009559,2025FA,9484,442,9042
10009559,2025SP,6035,1611,4424
10009560,2025FA,4745,3431,1314
10009561,2025FA,4518,3213,1305
10009561,2025SP,4521,2812,1709
10009562,2025FA,5021,3824,1197
10009563,2025FA,6497,1368,5129
10009563,2025SP,5963,1720,4243
10009564,2025FA,6180,3932,2248
10009564,2025SP,3653,3199,454
10009565,2025FA,8585,2398,6187
10009565,2025SP,8645,7138,1507
10009566,2025FA,4926,3671,1255
10009567,2025FA,4914,2618,2296
10009568,2025FA,5120,298,4822
10009568,2025SP,3873,1238,2635
10009569,2025FA,6190,1103,5087
10009569,2025SP,9343,1545,7798
10009570,2025FA,4305,3354,951
10009570,2025SP,3428,1411,2017
10009571,2025FA,8771,3651,5120
10009572,2025FA,4866,1726,3140
10009573,2025FA,4660,5506,-846
10009573,2025SP,7336,6589,747
10009574,2025FA,5732,5832,-100
10009574,2025SP,4583,1806,2777
10009575,2025FA,4806,821,3985
10009576,2025FA,5886,1640,4246
10009576,2025SP,4719,5787,-1068
10009577,2025FA,5500,3487,2013
10009578,2025FA,4596,6925,-2329
10009578,2025SP,4683,1475,3208
10009579,2025FA,8830,4623,4207
10009579,2025SP,7952,5423,2529
10009580,2025FA,4863,3403,1460
10009580,2025SP,4832,7093,-2261
10009581,2025FA,8656,2937,5719
10009582,2025FA,8847,593,8254
10009583,2025FA,12656,1975,10681
10009583,2025SP,5263,6056,-793
10009584,2025FA,5211,3472,1739
10009585,2025FA,9489,4197,5292
10009585,2025SP,3842,5232,-1390
10009586,2025FA,5007,5285,-278
10009587,2025FA,4828,2452,2376
10009588,2025FA,10513,7187,3326
10009589,2025FA,8642,6277,2365
10009589,2025SP,6197,4285,1912
10009590,2025FA,4913,3008,1905
10009590,2025SP,5162,2095,3067
10009591,2025FA,11439,2628,8811
10009591,2025SP,4568,798,3770
10009592,2025FA,6177,1473,4704
10009593,2025FA,8834,2650,6184
10009594,2025FA,4921,1853,3068
10009595,2025FA,8654,2946,5708
10009596,2025FA,4839,1032,3807
10009596,2025SP,3531,4807,-1276
10009597,2025FA,4513,5153,-640
10009598,2025FA,4799,992,3807
10009598,2025SP,4757,4864,-107
10009599,2025FA,5801,3238,2563
10009600,2025FA,11273,3460,7813
10009601,2025FA,8641,2291,6350
10009601,2025SP,4655,1637,3018
10009602,2025FA,4792,1649,3143
10009602,2025SP,6129,6779,-650
10009603,2025FA,8797,2444,6353
10009604,2025FA,5046,3701,1345
10009604,2025SP,3895,4157,-262
10009605,2025FA,12676,5307,7369
10009605,2025SP,4936,4057,879
10009606,2025FA,10787,3524,7263
10009606,2025SP,6155,2512,3643
10009607,2025FA,4302,2274,2028
10009608,2025FA,8741,4241,4500
10009609,2025FA,6423,3430,2993
10009609,2025SP,3716,3891,-175
10009610,2025FA,8642,5461,3181
10009611,2025FA,10570,3354,7216
10009612,2025FA,4585,1582,3003
10009612,2025SP,4916,3079,1837
10009613,2025FA,8635,2349,6286
10009614,2025FA,11923,2150,9773
10009615,2025FA,4863,2857,2006
10009616,2025FA,5532,5118,414
10009616,2025SP,3449,2499,950
10009617,2025FA,8614,5040,3574
10009618,2025FA,7910,337,7573
10009618,2025SP,4829,7020,-2191
10009619,2025FA,11239,1132,10107
10009620,2025FA,5554,1416,4138
10009620,2025SP,4442,457,3985
10009621,2025FA,10040,520,9520
10009621,2025SP,7926,2790,5136
10009622,2025FA,4321,2350,1971
10009623,2025FA,8775,2664,6111
10009624,2025FA,5024,5700,-676
10009625,2025FA,5041,4263,778
10009626,2025FA,4690,3927,763
10009626,2025SP,8754,2076,6678
10009627,2025FA,4308,2768,1540
10009628,2025FA,6274,3874,2400
10009628,2025SP,3341,1804,1537
10009629,2025FA,5842,3053,2789
10009629,2025SP,5530,1435,4095
10009630,2025FA,8577,3783,4794
10009631,2025FA,11189,547,10642
10009632,2025FA,11292,2429,8863
10009633,2025FA,9969,2995,6974
10009633,2025SP,10589,4335,6254
10009634,2025FA,4767,1329,3438
10009635,2025FA,5287,5082,205
10009636,2025FA,4528,2362,2166
10009637,2025FA,9439,4356,5083
10009638,2025FA,4565,943,3622
10009638,2025SP,8824,5165,3659
10009639,2025FA,5191,4793,398
10009639,2025SP,3688,6402,-2714
10009640,2025FA,8796,1971,6825
10009641,2025FA,5370,775,4595
10009642,2025FA,4662,4810,-148
10009643,2025FA,4882,5199,-317
10009643,2025SP,4148,5102,-954
10009644,2025FA,6287,5347,940
10009644,2025SP,3885,5540,-1655
10009645,2025FA,4551,7187,-2636
10009646,2025FA,5909,4525,1384
10009646,2025SP,3776,3848,-72
10009647,2025FA,5288,2511,2777
10009648,2025FA,8698,1993,6705
10009648,2025SP,3710,2835,875
10009649,2025FA,4946,3266,1680
10009650,2025FA,5087,2643,2444
10009650,2025SP,5807,3044,2763
10009651,2025FA,6233,4143,2090
10009652,2025FA,5287,2787,2500
10009653,2025FA,5129,1434,3695
10009654,2025FA,7029,3528,3501
10009654,2025SP,3870,3742,128
10009655,2025FA,4889,1077,3812
10009656,2025FA,5014,3329,1685
10009657,2025FA,10143,3658,6485
10009658,2025FA,5717,6577,-860
10009659,2025FA,9454,2520,6934
10009660,2025FA,6205,1307,4898
10009661,2025FA,8833,5341,3492
10009662,2025FA,4797,2200,2597
10009662,2025SP,4350,2174,2176
10009663,2025FA,6136,3918,2218
10009663,2025SP,4057,2250,1807
10009664,2025FA,4843,3404,1439
10009665,2025FA,9414,1859,7555
10009666,2025FA,5896,1167,4729
10009667,2025FA,6266,1494,4772
10009668,2025FA,4705,3984,721
10009668,2025SP,3528,2930,598
10009669,2025FA,6088,2679,3409
10009669,2025SP,6682,4649,2033
10009670,2025FA,6488,2286,4202
10009671,2025FA,4885,3705,1180
10009672,2025FA,10073,5527,4546
10009673,2025FA,9223,1857,7366
10009674,2025FA,4302,2940,1362
10009675,2025FA,5359,4270,1089
10009676,2025FA,8658,4192,4466
10009676,2025SP,9269,1440,7829
10009677,2025FA,8728,6094,2634
10009677,2025SP,3522,3246,276
10009678,2025FA,5872,3346,2526
10009679,2025FA,9332,1522,7810
10009680,2025FA,4871,2738,2133
10009680,2025SP,3821,5292,-1471
10009681,2025FA,4450,2999,1451
10009682,2025FA,9428,3003,6425
10009682,2025SP,4349,3965,384
10009683,2025FA,5191,3110,2081
10009684,2025FA,4720,3886,834
10009685,2025FA,5280,552,4728
10009686,2025FA,6499,4777,1722
10009687,2025FA,5820,6636,-816
10009688,2025FA,11163,3111,8052
10009688,2025SP,8085,4607,3478
10009689,2025FA,10024,985,9039
10009690,2025FA,5042,3291,1751
10009691,2025FA,4855,3555,1300
10009692,2025FA,5035,5101,-66
10009693,2025FA,4819,1733,3086
10009694,2025FA,4675,3526,1149
10009694,2025SP,6646,4451,2195
10009695,2025FA,5025,466,4559
10009696,2025FA,4800,3495,1305
10009696,2025SP,4500,4858,-358
10009697,2025FA,8095,2809,5286
10009697,2025SP,6228,3504,2724
10009698,2025FA,5217,4638,579
10009698,2025SP,7366,4869,2497
10009699,2025FA,9276,3368,5908
10009700,2025FA,6156,381,5775
10009700,2025SP,4321,1250,3071
10009701,2025FA,9942,1059,8883
10009701,2025SP,3887,3956,-69
10009702,2025FA,4334,1198,3136
10009702,2025SP,7418,2261,5157
10009703,2025FA,4772,3987,785
10009703,2025SP,4332,4451,-119
10009704,2025FA,9384,2832,6552
10009705,2025FA,9363,5096,4267
10009706,2025FA,4824,5328,-504
10009707,2025FA,4544,2702,1842
10009708,2025FA,9215,4137,5078
10009709,2025FA,5132,1774,3358
10009709,2025SP,3768,2011,1757
10009710,2025FA,11208,595,10613
10009710,2025SP,6667,6850,-183
10009711,2025FA,5490,3266,2224
10009711,2025SP,9911,2996,6915
10009712,2025FA,8811,3380,5431
10009712,2025SP,5156,1212,3944
10009713,2025FA,5281,1735,3546
10009714,2025FA,5872,5239,633
10009714,2025SP,4680,1669,3011
10009715,2025FA,4899,4340,559
10009716,2025FA,9475,1856,7619
10009716,2025SP,4555,3001,1554
10009717,2025FA,5910,1524,4386
10009718,2025FA,8847,3737,5110
10009718,2025SP,3862,3002,860
10009719,2025FA,10773,2044,8729
10009720,2025FA,8678,1963,6715
10009720,2025SP,6700,932,5768
10009721,2025FA,5808,1171,4637
10009722,2025FA,6586,1182,5404
10009722,2025SP,4696,2261,2435
10009723,2025FA,5015,6895,-1880
10009723,2025SP,4487,1903,2584
10009724,2025FA,9918,1238,8680
10009725,2025FA,5736,4108,1628
10009726,2025FA,10529,3059,7470
10009727,2025FA,5707,465,5242
10009728,2025FA,5919,4547,1372
10009729,2025FA,5186,2234,2952
10009729,2025SP,6110,1703,4407
10009730,2025FA,8617,2442,6175
10009730,2025SP,5995,3380,2615
10009731,2025FA,5058,2280,2778
10009731,2025SP,3509,592,2917
10009732,2025FA,4408,3446,962
10009733,2025FA,5298,3116,2182
10009734,2025FA,5841,1483,4358
10009734,2025SP,3786,5046,-1260
10009735,2025FA,5253,1682,3571
10009735,2025SP,3267,3097,170
10009736,2025FA,10503,3633,6870
10009737,2025FA,8657,1796,6861
10009738,2025FA,4887,4530,357
10009739,2025FA,5356,3859,1497
10009739,2025SP,7370,2660,4710
10009740,2025FA,5553,1879,3674
10009741,2025FA,8760,5583,3177
10009742,2025FA,10027,3389,6638
10009743,2025FA,8638,4354,4284
10009743,2025SP,4072,4255,-183
10009744,2025FA,7973,5237,2736
10009745,2025FA,9377,2812,6565
10009746,2025FA,9988,1671,8317
10009747,2025FA,10122,1274,8848
10009748,2025FA,5272,3550,1722
10009749,2025FA,4766,3616,1150
10009750,2025FA,4374,1850,2524
10009751,2025FA,11203,4762,6441
10009751,2025SP,5501,3593,1908
10009752,2025FA,8689,2805,5884
10009753,2025FA,4434,2761,1673
10009754,2025FA,9420,2768,6652
10009754,2025SP,4658,5216,-558
10009755,2025FA,11354,2596,8758
10009755,2025SP,6818,532,6286
10009756,2025FA,5242,3688,1554
10009757,2025FA,9436,5815,3621
10009757,2025SP,6239,4052,2187
10009758,2025FA,4430,4912,-482
10009759,2025FA,9497,5329,4168
10009760,2025FA,4668,5252,-584
10009761,2025FA,11261,3147,8114
10009761,2025SP,4347,5915,-1568
10009762,2025FA,4916,2933,1983
10009763,2025FA,4837,5128,-291
10009763,2025SP,4186,4501,-315
10009764,2025FA,10141,828,9313
10009764,2025SP,5221,1842,3379
10009765,2025FA,5906,7082,-1176
10009766,2025FA,5189,1583,3606
10009767,2025FA,5082,4587,495
10009768,2025FA,8764,2753,6011
10009769,2025FA,4751,1825,2926
10009770,2025FA,5415,1193,4222
10009770,2025SP,4489,1782,2707
10009771,2025FA,9453,4885,4568
10009771,2025SP,3353,1153,2200
10009772,2025FA,11280,3110,8170
10009772,2025SP,3271,2526,745
10009773,2025FA,6203,4085,2118
10009774,2025FA,4817,6076,-1259
10009774,2025SP,5363,1756,3607
10009775,2025FA,9853,2626,7227
10009775,2025SP,3630,4259,-629
10009776,2025FA,11439,4067,7372
10009777,2025FA,5179,1889,3290
10009777,2025SP,3840,1318,2522
10009778,2025FA,11156,1094,10062
10009779,2025FA,9360,2769,6591
10009779,2025SP,7353,2819,4534
10009780,2025FA,6132,3993,2139
10009781,2025FA,5521,4370,1151
10009781,2025SP,7398,3539,3859
10009782,2025FA,4707,1340,3367
10009783,2025FA,10541,4562,5979
10009784,2025FA,5042,5936,-894
10009784,2025SP,3631,6357,-2726
10009785,2025FA,11373,200,11173
10009786,2025FA,10547,3617,6930
10009786,2025SP,8043,2500,5543
10009787,2025FA,9866,2646,7220
10009788,2025FA,4355,6624,-2269
10009788,2025SP,9466,4868,4598
10009789,2025FA,5253,6339,-1086
10009790,2025FA,7993,2376,5617
10009790,2025SP,5367,7384,-2017
10009791,2025FA,11224,1279,9945
10009792,2025FA,5589,2762,2827
10009793,2025FA,4688,2832,1856
10009794,2025FA,5824,2573,3251
10009795,2025FA,4818,1989,2829
10009796,2025FA,4914,3295,1619
10009797,2025FA,4934,5455,-521
10009797,2025SP,4103,3060,1043
10009798,2025FA,5202,4466,736
10009798,2025SP,3529,2930,599
10009799,2025FA,11168,1302,9866
10009800,2025FA,8149,7101,1048
10009801,2025FA,5045,1715,3330
10009802,2025FA,4725,2364,2361
10009802,2025SP,3742,3968,-226
10009803,2025FA,8661,1693,6968
10009804,2025FA,5964,3595,2369
10009804,2025SP,4166,1988,2178
10009805,2025FA,11285,1749,9536
10009806,2025FA,5050,4474,576
10009807,2025FA,8682,3402,5280
10009808,2025FA,4917,4381,536
10009808,2025SP,4658,1047,3611
10009809,2025FA,8089,2242,5847
10009810,2025FA,5745,3956,1789
10009810,2025SP,5359,1074,4285
10009811,2025FA,4463,2402,2061
10009812,2025FA,4744,2918,1826
10009813,2025FA,6146,7367,-1221
10009814,2025FA,9338,3371,5967
10009815,2025FA,5915,5062,853
10009816,2025FA,5453,3845,1608
10009816,2025SP,9233,3103,6130
10009817,2025FA,6465,2324,4141
10009817,2025SP,4486,3700,786
10009818,2025FA,4856,6075,-1219
10009818,2025SP,5156,3775,1381
10009819,2025FA,4496,5142,-646
10009820,2025FA,4668,7529,-2861
10009821,2025FA,6243,759,5484
10009821,2025SP,4894,1370,3524
10009822,2025FA,7906,2630,5276
10009822,2025SP,8595,2804,5791
10009823,2025FA,10702,6061,4641
10009824,2025FA,4377,1425,2952
10009825,2025FA,9384,4960,4424
10009826,2025FA,5173,2886,2287
10009826,2025SP,3289,4167,-878
10009827,2025FA,4764,2920,1844
10009828,2025FA,5180,452,4728
10009828,2025SP,4561,1885,2676
10009829,2025FA,5258,235,5023
10009830,2025FA,8844,4898,3946
10009830,2025SP,4143,2971,1172
10009831,2025FA,4847,3224,1623
10009831,2025SP,9408,4481,4927
10009832,2025FA,8173,5323,2850
10009833,2025FA,5216,3722,1494
10009834,2025FA,10603,3407,7196
10009834,2025SP,3978,4728,-750
10009835,2025FA,8615,4651,3964
10009835,2025SP,7465,4481,2984
10009836,2025FA,10674,1120,9554
10009837,2025FA,4308,3367,941
10009838,2025FA,5145,2862,2283
10009839,2025FA,5083,4122,961
10009839,2025SP,3294,4315,-1021
10009840,2025FA,4715,3953,762
10009841,2025FA,8157,1850,6307
10009841,2025SP,7929,5600,2329
10009842,2025FA,4861,3311,1550
10009843,2025FA,5158,1071,4087
10009843,2025SP,7448,3223,4225
10009844,2025FA,4907,4705,202
10009845,2025FA,4746,905,3841
10009846,2025FA,4839,2423,2416
10009847,2025FA,4924,5651,-727
10009847,2025SP,4457,3850,607
10009848,2025FA,4894,2282,2612
10009848,2025SP,4725,5953,-1228
10009849,2025FA,4651,6122,-1471
10009849,2025SP,9450,2634,6816
10009850,2025FA,5853,1867,3986
10009851,2025FA,4778,2262,2516
10009851,2025SP,5110,3811,1299
10009852,2025FA,4509,5167,-658
10009852,2025SP,3254,5155,-1901
10009853,2025FA,4375,4073,302
10009854,2025FA,9870,5245,4625
10009855,2025FA,10610,3042,7568
10009855,2025SP,8675,6123,2552
10009856,2025FA,4373,1557,2816
10009856,2025SP,4600,2277,2323
10009857,2025FA,9271,3124,6147
10009857,2025SP,5960,4250,1710
10009858,2025FA,4896,1045,3851
10009859,2025FA,6691,5203,1488
10009859,2025SP,3524,2518,1006
10009860,2025FA,11351,7413,3938
10009861,2025FA,6101,4016,2085
10009862,2025FA,10549,5266,5283
10009862,2025SP,4885,2021,2864
10009863,2025FA,7903,1511,6392
10009863,2025SP,5133,1386,3747
10009864,2025FA,9245,1011,8234
10009865,2025FA,6085,1907,4178
10009866,2025FA,4411,2291,2120
10009867,2025FA,5080,3711,1369
10009868,2025FA,10694,1090,9604
10009869,2025FA,4584,1629,2955
10009869,2025SP,6739,4981,1758
10009870,2025FA,5043,1816,3227
10009871,2025FA,11232,2415,8817
10009872,2025FA,4757,2268,2489
10009873,2025FA,6129,4019,2110
10009874,2025FA,5234,6457,-1223
10009874,2025SP,7544,4878,2666
10009875,2025FA,4325,5852,-1527
10009875,2025SP,4518,4600,-82
10009876,2025FA,5175,3662,1513
10009877,2025FA,5820,3728,2092
10009878,2025FA,5287,3601,1686
10009878,2025SP,3422,2825,597
10009879,2025FA,6652,1768,4884
10009880,2025FA,5278,5205,73
10009881,2025FA,4865,2622,2243
10009882,2025FA,4881,6123,-1242
10009883,2025FA,11156,3922,7234
10009884,2025FA,4949,359,4590
10009885,2025FA,4881,2341,2540
10009886,2025FA,8627,1318,7309
10009887,2025FA,5121,1909,3212
10009888,2025FA,4804,5750,-946
10009889,2025FA,4702,2738,1964
10009890,2025FA,10585,3935,6650
10009891,2025FA,4790,6582,-1792
10009892,2025FA,4595,5882,-1287
10009892,2025SP,8556,2578,5978
10009893,2025FA,6096,2227,3869
10009893,2025SP,3480,5781,-2301
10009894,2025FA,6293,1937,4356
10009895,2025FA,4927,2251,2676
10009895,2025SP,3743,3986,-243
10009896,2025FA,10059,4024,6035
10009897,2025FA,6188,4370,1818
10009897,2025SP,3712,256,3456
10009898,2025FA,9302,1739,7563
10009899,2025FA,5814,6839,-1025
10009900,2025FA,9972,2853,7119
10009901,2025FA,5300,1136,4164
10009902,2025FA,5815,4506,1309
10009902,2025SP,6614,1070,5544
10009903,2025FA,4555,3522,1033
10009903,2025SP,6755,3383,3372
10009904,2025FA,11316,2656,8660
10009904,2025SP,6710,4064,2646
10009905,2025FA,5168,4564,604
10009905,2025SP,3609,5338,-1729
10009906,2025FA,4707,3554,1153
10009907,2025FA,4842,2752,2090
10009907,2025SP,3775,3746,29
10009908,2025FA,9344,3597,5747
10009908,2025SP,4795,2998,1797
10009909,2025FA,4928,4305,623
10009909,2025SP,6715,5002,1713
10009910,2025FA,4887,1817,3070
10009910,2025SP,9234,5942,3292
10009911,2025FA,4762,4455,307
10009911,2025SP,3289,3332,-43
10009912,2025FA,10003,3512,6491
10009912,2025SP,3387,3697,-310
10009913,2025FA,4481,681,3800
10009914,2025FA,4453,2260,2193
10009914,2025SP,5275,1855,3420
10009915,2025FA,10124,950,9174
10009915,2025SP,5532,5099,433
10009916,2025FA,4808,3567,1241
10009917,2025FA,5103,3484,1619
10009917,2025SP,4122,3513,609
10009918,2025FA,4430,940,3490
10009918,2025SP,3254,5039,-1785
10009919,2025FA,6168,5250,918
10009920,2025FA,6073,1863,4210
10009920,2025SP,4360,1462,2898
10009921,2025FA,4763,1664,3099
10009922,2025FA,8738,774,7964
10009923,2025FA,8777,4348,4429
10009924,2025FA,8789,6080,2709
10009924,2025SP,8114,2751,5363
10009925,2025FA,4829,5009,-180
10009925,2025SP,4588,6177,-1589
10009926,2025FA,4928,5485,-557
10009926,2025SP,6849,4794,2055
10009927,2025FA,4831,5314,-483
10009927,2025SP,9300,2845,6455
10009928,2025FA,8626,4241,4385
10009929,2025FA,11391,816,10575
10009930,2025FA,4650,3935,715
10009931,2025FA,4809,3953,856
10009932,2025FA,5871,3699,2172
10009932,2025SP,3718,2247,1471
10009933,2025FA,5856,4781,1075
10009933,2025SP,3778,964,2814
10009934,2025FA,8772,4908,3864
10009935,2025FA,5454,3964,1490
10009935,2025SP,5013,6078,-1065
10009936,2025FA,5732,4397,1335
10009937,2025FA,5579,809,4770
10009938,2025FA,5233,1405,3828
10009938,2025SP,8739,236,8503
10009939,2025FA,4670,3571,1099
10009940,2025FA,4512,3399,1113
10009940,2025SP,8051,811,7240
10009941,2025FA,4730,905,3825
10009942,2025FA,8606,1692,6914
10009942,2025SP,9887,1893,7994
10009943,2025FA,8639,5138,3501
10009943,2025SP,5202,1383,3819
10009944,2025FA,6539,1753,4786
10009945,2025FA,8200,6195,2005
10009945,2025SP,4750,3805,945
10009946,2025FA,9211,1688,7523
10009946,2025SP,3404,1348,2056
10009947,2025FA,8580,5276,3304
10009947,2025SP,8722,916,7806
10009948,2025FA,8187,3458,4729
10009949,2025FA,6474,5030,1444
10009950,2025FA,4944,5867,-923
10009951,2025FA,7978,2238,5740
10009952,2025FA,4819,3937,882
10009952,2025SP,4104,533,3571
10009953,2025FA,5836,1899,3937
10009953,2025SP,8768,5358,3410
10009954,2025FA,5013,4910,103
10009955,2025FA,4417,2381,2036
10009955,2025SP,5017,1403,3614
10009956,2025FA,10556,2754,7802
10009957,2025FA,4701,5552,-851
10009958,2025FA,4655,2052,2603
10009959,2025FA,4551,2065,2486
10009960,2025FA,5983,5565,418
10009961,2025FA,4892,2972,1920
10009962,2025FA,4303,1024,3279
10009963,2025FA,4751,1880,2871
10009964,2025FA,9461,5329,4132
10009965,2025FA,5093,2356,2737
10009965,2025SP,3722,739,2983
10009966,2025FA,4426,1881,2545
10009966,2025SP,4702,4643,59
10009967,2025FA,11381,1572,9809
10009967,2025SP,4868,1923,2945
10009968,2025FA,4677,5610,-933
10009969,2025FA,6531,2187,4344
10009970,2025FA,9420,2790,6630
10009970,2025SP,4906,798,4108
10009971,2025FA,10707,3266,7441
10009972,2025FA,9968,2728,7240
10009972,2025SP,6112,1737,4375
10009973,2025FA,5760,5972,-212
10009974,2025FA,4512,1752,2760
10009975,2025FA,4822,1250,3572
10009976,2025FA,10683,6430,4253
10009976,2025SP,5111,4640,471
10009977,2025FA,4664,6699,-2035
10009978,2025FA,4492,6033,-1541
10009979,2025FA,8706,633,8073
10009980,2025FA,4729,1061,3668
10009981,2025FA,5062,3222,1840
10009982,2025FA,5788,877,4911
10009983,2025FA,5783,6664,-881
10009984,2025FA,6483,1814,4669
10009985,2025FA,12501,2648,9853
10009986,2025FA,4864,2064,2800
10009987,2025FA,8744,2892,5852
10009988,2025FA,4747,1971,2776
10009989,2025FA,6237,1134,5103
10009990,2025FA,11363,1462,9901
10009991,2025FA,8740,1125,7615
10009992,2025FA,4857,2392,2465
10009992,2025SP,5570,2045,3525
10009993,2025FA,5555,4273,1282
10009993,2025SP,4197,6300,-2103
10009994,2025FA,5036,573,4463
10009995,2025FA,8830,1378,7452
10009995,2025SP,6178,1971,4207
10009996,2025FA,4444,4829,-385
10009996,2025SP,3839,5880,-2041
10009997,2025FA,4444,3577,867
10009998,2025FA,4401,3451,950
10009999,2025FA,8025,3158,4867
10009999,2025SP,3529,4923,-1394
10010000,2025FA,4809,2007,2802
10010000,2025SP,4686,5160,-474
10010001,2025FA,9327,1676,7651
10010001,2025SP,7500,3448,4052
10010002,2025FA,4863,4579,284
10010003,2025FA,6200,2664,3536
10010004,2025FA,5723,3610,2113
10010004,2025SP,5247,3832,1415
10010005,2025FA,4423,6490,-2067
10010005,2025SP,6601,2714,3887
10010006,2025FA,5138,7709,-2571
10010006,2025SP,8081,4939,3142
10010007,2025FA,4884,3728,1156
10010007,2025SP,3631,392,3239
10010008,2025FA,4563,5403,-840
10010008,2025SP,4691,6712,-2021
10010009,2025FA,5084,2973,2111
10010009,2025SP,8723,3434,5289
10010010,2025FA,8731,4255,4476
10010010,2025SP,7301,3603,3698
10010011,2025FA,4513,1620,2893
10010012,2025FA,5949,3412,2537
10010013,2025FA,4545,1042,3503
10010014,2025FA,5822,5182,640
10010015,2025FA,5107,3379,1728
10010016,2025FA,10740,1156,9584
10010016,2025SP,4814,6131,-1317
10010017,2025FA,6076,1222,4854
10010017,2025SP,4839,1580,3259
10010018,2025FA,4499,2571,1928
10010019,2025FA,5506,3136,2370
10010019,2025SP,4176,7782,-3606
10010020,2025FA,10572,3737,6835
10010021,2025FA,9858,3844,6014
10010022,2025FA,8844,4153,4691
10010023,2025FA,5492,3561,1931
10010024,2025FA,8648,4532,4116
10010025,2025FA,10784,4936,5848
10010025,2025SP,8608,1089,7519
10010026,2025FA,6057,1046,5011
10010027,2025FA,8627,1942,6685
10010028,2025FA,5817,4475,1342
10010029,2025FA,10077,2771,7306
10010029,2025SP,4434,1751,2683
10010030,2025FA,11976,2776,9200
10010030,2025SP,8038,3212,4826
10010031,2025FA,10655,1615,9040
10010032,2025FA,5485,4319,1166
10010033,2025FA,8569,4736,3833
10010034,2025FA,5726,4215,1511
10010035,2025FA,9322,4574,4748
10010036,2025FA,4931,6465,-1534
10010037,2025FA,6994,2037,4957
10010038,2025FA,4837,5396,-559
10010038,2025SP,4864,4259,605
10010039,2025FA,5011,1270,3741
10010039,2025SP,4894,6580,-1686
10010040,2025FA,8825,5593,3232
10010041,2025FA,8705,6767,1938
10010041,2025SP,4736,2585,2151
10010042,2025FA,8142,2331,5811
10010042,2025SP,3813,1054,2759
10010043,2025FA,4553,1622,2931
10010043,2025SP,9889,951,8938
10010044,2025FA,5208,3734,1474
10010045,2025FA,5555,4989,566
10010045,2025SP,4529,2006,2523
10010046,2025FA,4468,3249,1219
10010046,2025SP,8569,3913,4656
10010047,2025FA,5135,1896,3239
10010048,2025FA,5803,1912,3891
10010049,2025FA,5046,4037,1009
10010050,2025FA,4910,1647,3263
10010050,2025SP,6888,2726,4162
10010051,2025FA,5092,870,4222
10010051,2025SP,4310,1927,2383
10010052,2025FA,9940,863,9077
10010052,2025SP,8614,3882,4732
10010053,2025FA,5938,3585,2353
10010054,2025FA,5016,1751,3265
10010055,2025FA,4845,3379,1466
10010056,2025FA,6241,4883,1358
10010056,2025SP,9450,3544,5906
10010057,2025FA,10588,4047,6541
10010057,2025SP,5254,5299,-45
10010058,2025FA,5881,2114,3767
10010059,2025FA,5127,4625,502
10010060,2025FA,5062,2104,2958
10010061,2025FA,5206,5697,-491
10010062,2025FA,5831,2233,3598
10010063,2025FA,6340,7911,-1571
10010064,2025FA,4779,5355,-576
10010065,2025FA,4773,5040,-267
10010065,2025SP,4849,295,4554
10010066,2025FA,9419,4513,4906
10010067,2025FA,5164,4139,1025
10010068,2025FA,5645,2348,3297
10010069,2025FA,9220,377,8843
10010070,2025FA,11240,5381,5859
10010071,2025FA,4759,4282,477
10010071,2025SP,3806,1504,2302
10010072,2025FA,8569,2281,6288
10010073,2025FA,4845,3801,1044
10010074,2025FA,6260,5631,629
10010074,2025SP,6881,1693,5188
10010075,2025FA,4873,6352,-1479
10010076,2025FA,4569,3351,1218
10010077,2025FA,4737,1570,3167
10010078,2025FA,4720,1941,2779
10010079,2025FA,5451,3901,1550
10010080,2025FA,6052,1477,4575
10010081,2025FA,9410,2288,7122
10010082,2025FA,5760,2991,2769
10010083,2025FA,6322,3297,3025
10010084,2025FA,4862,3519,1343
10010085,2025FA,9854,4874,4980
10010085,2025SP,3386,4711,-1325
10010086,2025FA,5420,1037,4383
10010087,2025FA,9219,4102,5117
10010087,2025SP,5137,4188,949
10010088,2025FA,4693,4676,17
10010089,2025FA,4706,2278,2428
10010089,2025SP,3803,993,2810
10010090,2025FA,4800,419,4381
10010091,2025FA,4688,1657,3031
10010092,2025FA,5240,3653,1587
10010093,2025FA,11416,4744,6672
10010094,2025FA,6092,4014,2078
10010094,2025SP,8776,2815,5961
10010095,2025FA,4593,969,3624
10010095,2025SP,4859,3027,1832
10010096,2025FA,4684,6837,-2153
10010097,2025FA,8668,1994,6674
10010098,2025FA,5243,1940,3303
10010098,2025SP,3758,807,2951
10010099,2025FA,9497,6875,2622
10010099,2025SP,3707,4040,-333
10010100,2025FA,5747,2958,2789
10010101,2025FA,4816,570,4246
10010102,2025FA,5797,1094,4703
10010103,2025FA,4538,4217,321
10010103,2025SP,4656,7397,-2741
10010104,2025FA,5837,3041,2796
10010105,2025FA,9959,2180,7779
10010105,2025SP,4320,2173,2147
10010106,2025FA,9366,3497,5869
10010106,2025SP,7527,5596,1931
10010107,2025FA,4922,4894,28
10010108,2025FA,4819,4742,77
10010109,2025FA,9477,6278,3199
10010110,2025FA,5094,3276,1818
10010111,2025FA,6171,2186,3985
10010111,2025SP,4650,2247,2403
10010112,2025FA,4665,6102,-1437
10010113,2025FA,5082,1724,3358
10010113,2025SP,3424,1916,1508
10010114,2025FA,4926,1795,3131
10010114,2025SP,6648,3338,3310
10010115,2025FA,5068,2193,2875
10010116,2025FA,5132,3903,1229
10010117,2025FA,7945,4371,3574
10010117,2025SP,4663,2768,1895
10010118,2025FA,5249,2671,2578
10010119,2025FA,6295,1260,5035
10010119,2025SP,6083,1948,4135
10010120,2025FA,4764,3627,1137
10010121,2025FA,11974,2869,9105
10010122,2025FA,5941,2421,3520
10010122,2025SP,3749,1764,1985
10010123,2025FA,5368,297,5071
10010124,2025FA,9305,2629,6676
10010124,2025SP,3695,2634,1061
10010125,2025FA,4839,4567,272
10010125,2025SP,7459,3019,4440
10010126,2025FA,5915,1546,4369
10010126,2025SP,4742,1507,3235
10010127,2025FA,9908,3879,6029
10010128,2025FA,5485,1686,3799
10010128,2025SP,7916,3025,4891
10010129,2025FA,4656,4328,328
10010130,2025FA,5274,4706,568
10010130,2025SP,10067,2419,7648
10010131,2025FA,4537,2621,1916
10010132,2025FA,5019,2108,2911
10010132,2025SP,6626,3198,3428
10010133,2025FA,9453,4051,5402
10010134,2025FA,4480,5656,-1176
10010135,2025FA,10578,2010,8568
10010136,2025FA,4592,298,4294
10010136,2025SP,4000,3729,271
10010137,2025FA,11977,5605,6372
10010138,2025FA,11177,5660,5517
10010139,2025FA,5173,2341,2832
10010140,2025FA,4776,3787,989
10010140,2025SP,7486,6127,1359
10010141,2025FA,4651,1979,2672
10010141,2025SP,4342,3517,825
10010142,2025FA,4659,3417,1242
10010142,2025SP,4600,2566,2034
10010143,2025FA,9248,5115,4133
10010144,2025FA,8184,1116,7068
10010145,2025FA,4381,2088,2293
10010145,2025SP,9435,716,8719
10010146,2025FA,6211,2635,3576
10010146,2025SP,8637,2555,6082
10010147,2025FA,8792,2935,5857
10010148,2025FA,4508,3738,770
10010149,2025FA,4795,5294,-499
10010149,2025SP,6713,2214,4499
10010150,2025FA,7967,4898,3069
10010151,2025FA,4385,2380,2005
10010151,2025SP,4686,6035,-1349
10010152,2025FA,4815,3114,1701
10010152,2025SP,6068,313,5755
10010153,2025FA,7987,3316,4671
10010154,2025FA,5650,2033,3617
10010155,2025FA,5220,3371,1849
10010156,2025FA,10710,669,10041
10010157,2025FA,7991,5967,2024
10010157,2025SP,4171,6560,-2389
10010158,2025FA,4657,415,4242
10010159,2025FA,5277,3913,1364
10010160,2025FA,8021,2810,5211
10010160,2025SP,4035,5874,-1839
10010161,2025FA,4532,4925,-393
10010161,2025SP,5174,3764,1410
10010162,2025FA,5498,4822,676
10010163,2025FA,4686,3484,1202
10010163,2025SP,3377,1197,2180
10010164,2025FA,6629,1307,5322
10010165,2025FA,4653,2829,1824
10010165,2025SP,3469,4958,-1489
10010166,2025FA,4694,1935,2759
10010167,2025FA,6442,2370,4072
10010167,2025SP,9254,2001,7253
10010168,2025FA,5217,2579,2638
10010169,2025FA,8635,1541,7094
10010169,2025SP,4796,2867,1929
10010170,2025FA,10570,2226,8344
10010171,2025FA,4549,2497,2052
10010172,2025FA,8181,7335,846
10010173,2025FA,4870,3306,1564
10010174,2025FA,6144,6276,-132
10010175,2025FA,5820,2298,3522
10010176,2025FA,4390,5283,-893
10010177,2025FA,5388,3761,1627
10010177,2025SP,3725,2693,1032
10010178,2025FA,11445,1604,9841
10010179,2025FA,8743,1984,6759
10010180,2025FA,5353,3000,2353
10010181,2025FA,6670,6337,333
10010182,2025FA,8747,2846,5901
10010182,2025SP,7978,5064,2914
10010183,2025FA,9303,214,9089
10010184,2025FA,6606,7078,-472
10010185,2025FA,5120,2268,2852
10010186,2025FA,5494,6024,-530
10010186,2025SP,4796,1715,3081
10010187,2025FA,5560,7434,-1874
10010188,2025FA,5491,1524,3967
10010189,2025FA,6342,2590,3752
10010190,2025FA,6140,4137,2003
10010190,2025SP,8124,3137,4987
10010191,2025FA,5253,3517,1736
10010191,2025SP,8000,1829,6171
10010192,2025FA,10083,1526,8557
10010193,2025FA,4742,4337,405
10010194,2025FA,8744,3643,5101
10010195,2025FA,4670,606,4064
10010196,2025FA,4318,2178,2140
10010197,2025FA,10711,5118,5593
10010197,2025SP,3493,501,2992
10010198,2025FA,4742,1467,3275
10010199,2025FA,5255,2970,2285
10010200,2025FA,5770,1166,4604
10010201,2025FA,6615,2464,4151
10010201,2025SP,3962,4422,-460
10010202,2025FA,8154,4676,3478
10010202,2025SP,7550,5754,1796
10010203,2025FA,10582,1918,8664
10010204,2025FA,4520,1030,3490
10010205,2025FA,9939,2733,7206
10010205,2025SP,4695,1608,3087
10010206,2025FA,8092,1627,6465
10010206,2025SP,6009,1149,4860
10010207,2025FA,9281,5964,3317
10010208,2025FA,5419,4357,1062
10010208,2025SP,5178,1779,3399
10010209,2025FA,4515,2000,2515
10010210,2025FA,9402,3758,5644
10010210,2025SP,5499,1408,4091
10010211,2025FA,10569,1762,8807
10010212,2025FA,7968,660,7308
10010212,2025SP,9352,2993,6359
10010213,2025FA,4376,4623,-247
10010214,2025FA,9356,4186,5170
10010214,2025SP,9475,2090,7385
10010215,2025FA,8117,6682,1435
10010216,2025FA,6625,3202,3423
10010217,2025FA,5567,1117,4450
10010218,2025FA,5564,376,5188
10010218,2025SP,4735,1906,2829
10010219,2025FA,6191,3822,2369
10010219,2025SP,8795,3019,5776
10010220,2025FA,4540,3469,1071
10010220,2025SP,3761,1879,1882
10010221,2025FA,10788,1129,9659
10010221,2025SP,4522,3183,1339
10010222,2025FA,5149,5986,-837
10010223,2025FA,5756,4027,1729
10010224,2025FA,8823,6723,2100
10010224,2025SP,4798,5815,-1017
10010225,2025FA,6059,3349,2710
10010225,2025SP,4657,5149,-492
10010226,2025FA,9319,3301,6018
10010226,2025SP,3439,5071,-1632
10010227,2025FA,5287,4030,1257
10010228,2025FA,4310,1621,2689
10010229,2025FA,5633,6757,-1124
10010229,2025SP,4128,5519,-1391
10010230,2025FA,5640,2501,3139
10010230,2025SP,3870,2735,1135
10010231,2025FA,5619,2976,2643
10010232,2025FA,5575,3206,2369
10010233,2025FA,4942,1914,3028
10010234,2025FA,5807,1880,3927
10010234,2025SP,8788,3652,5136
10010235,2025FA,6337,3979,2358
10010236,2025FA,4832,1614,3218
10010236,2025SP,4765,2721,2044
10010237,2025FA,5012,5594,-582
10010238,2025FA,6300,5206,1094
10010238,2025SP,4933,3466,1467
10010239,2025FA,4754,2401,2353
10010240,2025FA,6068,3999,2069
10010241,2025FA,5647,5356,291
10010242,2025FA,4468,3336,1132
10010243,2025FA,11815,3302,8513
10010244,2025FA,4870,4487,383
10010244,2025SP,5284,6045,-761
10010245,2025FA,5723,5058,665
10010246,2025FA,6133,2472,3661
10010247,2025FA,8765,3237,5528
10010247,2025SP,3857,4420,-563
10010248,2025FA,6668,1544,5124
10010249,2025FA,5093,6183,-1090
10010250,2025FA,8567,3840,4727
10010250,2025SP,6814,3087,3727
10010251,2025FA,9357,2827,6530
10010251,2025SP,4391,3666,725
10010252,2025FA,4909,273,4636
10010252,2025SP,4662,2712,1950
10010253,2025FA,5212,2906,2306
10010254,2025FA,6415,1782,4633
10010255,2025FA,9901,3134,6767
10010256,2025FA,8616,1752,6864
10010257,2025FA,6330,2867,3463
10010258,2025FA,4825,914,3911
10010258,2025SP,3430,3908,-478
10010259,2025FA,4320,1112,3208
10010260,2025FA,5143,4550,593
10010260,2025SP,6779,2253,4526
10010261,2025FA,9392,2141,7251
10010262,2025FA,5557,2547,3010
10010263,2025FA,4650,1590,3060
10010263,2025SP,3858,3471,387
10010264,2025FA,4934,7378,-2444
10010265,2025FA,6470,3374,3096
10010266,2025FA,5503,2848,2655
10010267,2025FA,6693,4530,2163
10010268,2025FA,8621,4170,4451
10010268,2025SP,3276,4913,-1637
10010269,2025FA,5238,4374,864
10010270,2025FA,4488,2609,1879
10010271,2025FA,6139,2940,3199
10010272,2025FA,10705,235,10470
10010272,2025SP,3794,3310,484
10010273,2025FA,4759,1075,3684
10010273,2025SP,4172,4514,-342
10010274,2025FA,4749,3770,979
10010274,2025SP,3262,3926,-664
10010275,2025FA,5820,611,5209
10010275,2025SP,3726,5923,-2197
10010276,2025FA,4938,3399,1539
10010277,2025FA,4758,1748,3010
10010277,2025SP,3487,3373,114
10010278,2025FA,9238,628,8610
10010278,2025SP,9274,891,8383
10010279,2025FA,9866,4495,5371
10010280,2025FA,11293,2535,8758
10010281,2025FA,4483,5945,-1462
10010281,2025SP,3754,465,3289
10010282,2025FA,4893,1473,3420
10010282,2025SP,8805,2596,6209
10010283,2025FA,8195,5492,2703
10010284,2025FA,5876,2851,3025
10010284,2025SP,8133,7421,712
10010285,2025FA,8045,2505,5540
10010285,2025SP,8155,1115,7040
10010286,2025FA,11166,4381,6785
10010286,2025SP,8560,1785,6775
10010287,2025FA,11411,7688,3723
10010288,2025FA,9460,2628,6832
10010288,2025SP,5175,3837,1338
10010289,2025FA,8716,4071,4645
10010290,2025FA,5811,5027,784
10010291,2025FA,5018,4265,753
10010291,2025SP,4396,1128,3268
10010292,2025FA,4853,540,4313
10010293,2025FA,5215,4181,1034
10010294,2025FA,6060,987,5073
10010295,2025FA,5719,1268,4451
10010295,2025SP,3402,6375,-2973
10010296,2025FA,5834,7080,-1246
10010297,2025FA,5932,3508,2424
10010297,2025SP,5169,5623,-454
10010298,2025FA,6068,6179,-111
10010298,2025SP,3389,1741,1648
10010299,2025FA,5752,1731,4021
10010300,2025FA,5053,1294,3759
10010300,2025SP,4038,2954,1084
10010301,2025FA,8581,5488,3093
10010301,2025SP,4876,4443,433
10010302,2025FA,4417,4106,311
10010302,2025SP,3265,6960,-3695
10010303,2025FA,5284,5476,-192
10010303,2025SP,6600,2444,4156
10010304,2025FA,8083,1831,6252
10010304,2025SP,6746,3194,3552
10010305,2025FA,5276,5519,-243
10010306,2025FA,6170,2318,3852
10010307,2025FA,5787,2047,3740
10010308,2025FA,4728,4094,634
10010309,2025FA,8787,666,8121
10010310,2025FA,5097,5090,7
10010310,2025SP,4440,2229,2211
10010311,2025FA,8737,2153,6584
10010312,2025FA,10578,7271,3307
10010313,2025FA,4391,6387,-1996
10010314,2025FA,8162,1623,6539
10010315,2025FA,4458,7971,-3513
10010315,2025SP,4446,3291,1155
10010316,2025FA,6139,4675,1464
10010317,2025FA,9336,6634,2702
10010317,2025SP,3788,2327,1461
10010318,2025FA,5220,5888,-668
10010319,2025FA,5183,2551,2632
10010319,2025SP,3666,405,3261
10010320,2025FA,4766,3567,1199
10010320,2025SP,6106,6068,38
10010321,2025FA,8803,5827,2976
10010321,2025SP,3435,2859,576
10010322,2025FA,6953,1928,5025
10010323,2025FA,4541,3952,589
10010323,2025SP,4913,1028,3885
10010324,2025FA,10579,3570,7009
10010325,2025FA,5260,677,4583
10010326,2025FA,4732,4239,493
10010327,2025FA,6987,4352,2635
10010328,2025FA,4853,3240,1613
10010328,2025SP,3548,1839,1709
10010329,2025FA,4399,433,3966
10010329,2025SP,9443,3982,5461
10010330,2025FA,5950,3614,2336
10010331,2025FA,4820,1403,3417
10010332,2025FA,10509,1942,8567
10010333,2025FA,5423,4092,1331
10010334,2025FA,8714,2473,6241
10010334,2025SP,9480,2673,6807
10010335,2025FA,4488,3066,1422
10010336,2025FA,9428,1124,8304
10010336,2025SP,5159,6454,-1295
10010337,2025FA,4667,4056,611
10010338,2025FA,5734,872,4862
10010339,2025FA,4340,2287,2053
10010339,2025SP,4683,1823,2860
10010340,2025FA,4580,1951,2629
10010341,2025FA,4943,5324,-381
10010342,2025FA,9343,3819,5524
10010342,2025SP,3705,3477,228
10010343,2025FA,10614,2055,8559
10010344,2025FA,7905,1032,6873
10010345,2025FA,6653,4759,1894
10010346,2025FA,4720,1097,3623
10010347,2025FA,4790,803,3987
10010347,2025SP,4198,4630,-432
10010348,2025FA,4874,7126,-2252
10010349,2025FA,4876,1854,3022
10010350,2025FA,11826,5238,6588
10010351,2025FA,4828,3599,1229
10010351,2025SP,4790,1578,3212
10010352,2025FA,10090,2628,7462
10010353,2025FA,4795,3779,1016
10010353,2025SP,4906,4701,205
10010354,2025FA,9996,5342,4654
10010355,2025FA,11298,4173,7125
10010356,2025FA,9243,1974,7269
10010357,2025FA,8043,2771,5272
10010358,2025FA,6572,2678,3894
10010359,2025FA,12019,5189,6830
10010359,2025SP,3761,2415,1346
10010360,2025FA,5738,2562,3176
10010361,2025FA,5137,3268,1869
10010361,2025SP,3613,5758,-2145
10010362,2025FA,4706,3396,1310
10010363,2025FA,5763,3315,2448
10010364,2025FA,4314,1426,2888
10010364,2025SP,3282,2956,326
10010365,2025FA,5618,1422,4196
10010365,2025SP,6600,4521,2079
10010366,2025FA,8694,3255,5439
10010367,2025FA,10549,1600,8949
10010368,2025FA,11436,1569,9867
10010368,2025SP,4828,3969,859
10010369,2025FA,5261,2498,2763
10010369,2025SP,8621,7016,1605
10010370,2025FA,4375,1886,2489
10010371,2025FA,5259,4903,356
10010371,2025SP,4659,4091,568
10010372,2025FA,6125,5155,970
10010373,2025FA,11317,2790,8527
10010374,2025FA,6076,6004,72
10010375,2025FA,8573,1668,6905
10010375,2025SP,4131,4103,28
10010376,2025FA,5991,680,5311
10010376,2025SP,4945,4876,69
10010377,2025FA,8617,8358,259
10010377,2025SP,6866,1671,5195
10010378,2025FA,5275,2767,2508
10010378,2025SP,7414,4084,3330
10010379,2025FA,5291,1324,3967
10010379,2025SP,3787,3255,532
10010380,2025FA,6649,5444,1205
10010381,2025FA,5440,2729,2711
10010382,2025FA,11424,2506,8918
10010383,2025FA,6477,2751,3726
10010383,2025SP,3841,3774,67
10010384,2025FA,5124,5490,-366
10010385,2025FA,4764,6596,-1832
10010385,2025SP,5403,4955,448
10010386,2025FA,6061,7108,-1047
10010386,2025SP,5529,3734,1795
10010387,2025FA,6240,6497,-257
10010387,2025SP,6151,4161,1990
10010388,2025FA,5195,3664,1531
10010389,2025FA,5555,2484,3071
10010390,2025FA,11192,1386,9806
10010391,2025FA,5877,800,5077
10010391,2025SP,8640,1421,7219
10010392,2025FA,10711,3868,6843
10010393,2025FA,5941,1656,4285
10010393,2025SP,6706,4540,2166
10010394,2025FA,6119,2015,4104
10010395,2025FA,4949,1857,3092
10010396,2025FA,5222,5156,66
10010396,2025SP,3846,1630,2216
10010397,2025FA,4650,6420,-1770
10010398,2025FA,6518,3277,3241
10010399,2025FA,6539,2775,3764
10010399,2025SP,5036,3511,1525
10010400,2025FA,5115,2683,2432
10010400,2025SP,3375,1200,2175
10010401,2025FA,9207,5232,3975
10010401,2025SP,4718,1488,3230
10010402,2025FA,4931,4418,513
10010402,2025SP,4555,5342,-787
10010403,2025FA,5168,1904,3264
10010403,2025SP,4835,1511,3324
10010404,2025FA,5995,3460,2535
10010405,2025FA,6957,887,6070
10010406,2025FA,6140,1655,4485
10010407,2025FA,5021,4230,791
10010408,2025FA,8722,5530,3192
10010409,2025FA,4920,395,4525
10010409,2025SP,3326,1552,1774
10010410,2025FA,10619,4766,5853
10010410,2025SP,7909,3121,4788
10010411,2025FA,10751,2581,8170
10010412,2025FA,9237,6168,3069
10010413,2025FA,6285,2079,4206
10010413,2025SP,4909,2397,2512
10010414,2025FA,4775,1705,3070
10010415,2025FA,4397,3213,1184
10010416,2025FA,9897,4675,5222
10010416,2025SP,3862,1594,2268
10010417,2025FA,11320,2478,8842
10010418,2025FA,5934,4380,1554
10010418,2025SP,3851,5858,-2007
10010419,2025FA,10052,4004,6048
10010419,2025SP,3852,3893,-41
10010420,2025FA,8574,6501,2073
10010420,2025SP,4664,5201,-537
10010421,2025FA,8848,3146,5702
10010422,2025FA,5464,5308,156
10010423,2025FA,6274,346,5928
10010423,2025SP,4124,5933,-1809
10010424,2025FA,6220,4167,2053
10010424,2025SP,9420,2206,7214
10010425,2025FA,4764,5028,-264
10010426,2025FA,5953,2510,3443
10010426,2025SP,3834,1632,2202
10010427,2025FA,4859,2651,2208
10010427,2025SP,3955,641,3314
10010428,2025FA,4576,5043,-467
10010429,2025FA,8724,4326,4398
10010429,2025SP,4831,3064,1767
10010430,2025FA,4707,4735,-28
10010431,2025FA,6271,1952,4319
10010431,2025SP,3694,3370,324
10010432,2025FA,6128,2095,4033
10010433,2025FA,8837,6387,2450
10010433,2025SP,4507,3306,1201
10010434,2025FA,4411,3001,1410
10010435,2025FA,5017,3045,1972
10010435,2025SP,7297,1303,5994
10010436,2025FA,5516,3907,1609
10010437,2025FA,4706,3949,757
10010438,2025FA,5492,1732,3760
10010439,2025FA,10717,3266,7451
10010440,2025FA,10032,5611,4421
10010441,2025FA,8591,2709,5882
10010442,2025FA,4396,2567,1829
10010443,2025FA,5028,3201,1827
10010444,2025FA,5700,2563,3137
10010444,2025SP,5211,5190,21
10010445,2025FA,5132,3941,1191
10010446,2025FA,5260,2662,2598
10010446,2025SP,3999,1917,2082
10010447,2025FA,10503,8242,2261
10010448,2025FA,9481,4749,4732
10010449,2025FA,5187,3336,1851
10010450,2025FA,4855,2919,1936
10010450,2025SP,3760,2539,1221
10010451,2025FA,5396,3366,2030
10010452,2025FA,4398,1258,3140
10010453,2025FA,4911,954,3957
10010454,2025FA,4366,1802,2564
10010454,2025SP,9350,427,8923
10010455,2025FA,4363,6873,-2510
10010456,2025FA,8625,4920,3705
10010456,2025SP,4449,1943,2506
10010457,2025FA,8723,4065,4658
10010458,2025FA,4409,3545,864
10010459,2025FA,9500,1962,7538
10010459,2025SP,3815,1104,2711
10010460,2025FA,5847,596,5251
10010460,2025SP,3285,4355,-1070
10010461,2025FA,8729,3546,5183
10010462,2025FA,4580,6600,-2020
10010462,2025SP,5373,1688,3685
10010463,2025FA,9202,1749,7453
10010464,2025FA,4582,1320,3262
10010464,2025SP,4724,4216,508
10010465,2025FA,4494,2403,2091
10010466,2025FA,9393,3856,5537
10010467,2025FA,5725,2945,2780
10010467,2025SP,3895,5678,-1783
10010468,2025FA,5053,3077,1976
10010469,2025FA,4426,4345,81
10010470,2025FA,6104,2449,3655
10010471,2025FA,10515,4584,5931
10010472,2025FA,8071,3568,4503
10010473,2025FA,8089,6066,2023
10010474,2025FA,10000,2512,7488
10010474,2025SP,3689,3147,542
10010475,2025FA,4904,1650,3254
10010475,2025SP,4496,3194,1302
10010476,2025FA,4767,6431,-1664
10010476,2025SP,4689,3522,1167
10010477,2025FA,4517,2935,1582
10010478,2025FA,5742,3295,2447
10010478,2025SP,8162,1962,6200
10010479,2025FA,8680,6188,2492
10010479,2025SP,4371,4430,-59
10010480,2025FA,5959,4517,1442
10010481,2025FA,4782,2274,2508
10010481,2025SP,7966,3184,4782
10010482,2025FA,9879,3135,6744
10010483,2025FA,5762,1753,4009
10010483,2025SP,3870,4057,-187
10010484,2025FA,5244,4287,957
10010485,2025FA,8844,5306,3538
10010486,2025FA,4946,5752,-806
10010487,2025FA,5126,3915,1211
10010488,2025FA,4321,4746,-425
10010489,2025FA,6528,3649,2879
10010490,2025FA,8155,3709,4446
10010490,2025SP,6152,2594,3558
10010491,2025FA,4738,1661,3077
10010491,2025SP,6696,2451,4245
10010492,2025FA,5041,5356,-315
10010493,2025FA,11979,3778,8201
10010493,2025SP,4717,5202,-485
10010494,2025FA,4858,4275,583
10010494,2025SP,4415,2007,2408
10010495,2025FA,10075,3461,6614
10010495,2025SP,3604,905,2699
10010496,2025FA,5606,3471,2135
10010496,2025SP,9208,2102,7106
10010497,2025FA,4751,2489,2262
10010498,2025FA,5761,2555,3206
10010499,2025FA,9207,1248,7959
10010499,2025SP,6086,4986,1100
10010500,2025FA,4774,4943,-169
10010501,2025FA,5124,1564,3560
10010501,2025SP,4360,1274,3086
10010502,2025FA,6570,5797,773
10010502,2025SP,3980,2526,1454
10010503,2025FA,5571,4243,1328
10010503,2025SP,5200,1548,3652
10010504,2025FA,5964,4225,1739
10010504,2025SP,7913,4587,3326
10010505,2025FA,4469,848,3621
10010506,2025FA,5088,5127,-39
10010507,2025FA,7947,4501,3446
10010508,2025FA,5058,2657,2401
10010509,2025FA,10679,6492,4187
10010509,2025SP,4848,1842,3006
10010510,2025FA,5398,5892,-494
10010511,2025FA,5479,3432,2047
10010511,2025SP,6756,4864,1892
10010512,2025FA,5158,2111,3047
10010513,2025FA,5164,5442,-278
10010514,2025FA,4779,1941,2838
10010514,2025SP,4913,3107,1806
10010515,2025FA,8579,1714,6865
10010515,2025SP,4721,4061,660
10010516,2025FA,4832,6860,-2028
10010517,2025FA,5239,690,4549
10010518,2025FA,4727,3129,1598
10010518,2025SP,4909,7059,-2150
10010519,2025FA,5194,2196,2998
10010520,2025FA,5452,1672,3780
10010521,2025FA,9270,2288,6982
10010521,2025SP,4762,1448,3314
10010522,2025FA,5140,3234,1906
10010522,2025SP,5615,2921,2694
10010523,2025FA,4307,3768,539
10010524,2025FA,6146,3568,2578
10010525,2025FA,4670,1398,3272
10010526,2025FA,10604,2545,8059
10010527,2025FA,4374,2945,1429
10010528,2025FA,4539,1393,3146
10010528,2025SP,4764,3783,981
10010529,2025FA,5611,3390,2221
10010530,2025FA,10765,4349,6416
10010531,2025FA,8152,5519,2633
10010532,2025FA,6181,2065,4116
10010533,2025FA,6265,4094,2171
10010534,2025FA,10065,3865,6200
10010534,2025SP,5635,3283,2352
10010535,2025FA,4461,3566,895
10010535,2025SP,4723,863,3860
10010536,2025FA,8616,719,7897
10010536,2025SP,5259,538,4721
10010537,2025FA,4565,3317,1248
10010538,2025FA,4528,3982,546
10010539,2025FA,5234,2663,2571
10010539,2025SP,3853,2350,1503
10010540,2025FA,5181,5695,-514
10010540,2025SP,3713,884,2829
10010541,2025FA,4880,608,4272
10010542,2025FA,5832,1177,4655
10010543,2025FA,6128,6181,-53
10010543,2025SP,3707,2662,1045
10010544,2025FA,6674,5812,862
10010544,2025SP,4743,3837,906
10010545,2025FA,5459,3883,1576
10010546,2025FA,5633,4068,1565
10010546,2025SP,3884,3821,63
10010547,2025FA,9213,6700,2513
10010547,2025SP,5500,3698,1802
10010548,2025FA,6224,4855,1369
10010549,2025FA,4752,1495,3257
10010549,2025SP,8616,6676,1940
10010550,2025FA,6643,1834,4809
10010551,2025FA,4563,3267,1296
10010551,2025SP,7280,3024,4256
10010552,2025FA,5502,4609,893
10010553,2025FA,8584,3972,4612
10010554,2025FA,5982,4208,1774
10010554,2025SP,3703,279,3424
10010555,2025FA,9230,4863,4367
10010556,2025FA,5580,742,4838
10010556,2025SP,4655,5656,-1001
10010557,2025FA,4694,5381,-687
10010557,2025SP,3722,5843,-2121
10010558,2025FA,5647,1535,4112
10010558,2025SP,4709,2919,1790
10010559,2025FA,4650,1542,3108
10010560,2025FA,8662,1735,6927
10010560,2025SP,4183,3471,712
10010561,2025FA,5627,4234,1393
10010561,2025SP,6656,4220,2436
10010562,2025FA,8127,5165,2962
10010563,2025FA,9289,5118,4171
10010564,2025FA,4691,1346,3345
10010565,2025FA,9429,5125,4304
10010566,2025FA,4901,1517,3384
10010567,2025FA,4874,2724,2150
10010567,2025SP,3328,4478,-1150
10010568,2025FA,8577,2792,5785
10010568,2025SP,4704,1323,3381
10010569,2025FA,4734,6130,-1396
10010569,2025SP,8550,4260,4290
10010570,2025FA,5009,5070,-61
10010571,2025FA,4760,467,4293
10010572,2025FA,8200,2623,5577
10010573,2025FA,4376,2088,2288
10010573,2025SP,4519,4626,-107
10010574,2025FA,8106,2635,5471
10010575,2025FA,5979,4664,1315
10010576,2025FA,7913,4303,3610
10010577,2025FA,4877,1925,2952
10010578,2025FA,6311,1422,4889
10010578,2025SP,3957,2872,1085
10010579,2025FA,5972,3129,2843
10010579,2025SP,3776,1463,2313
10010580,2025FA,6212,3709,2503
10010581,2025FA,5281,1336,3945
10010582,2025FA,6199,2818,3381
10010582,2025SP,5601,4843,758
10010583,2025FA,4812,226,4586
10010583,2025SP,3641,4576,-935
10010584,2025FA,11364,3291,8073
10010585,2025FA,5157,1824,3333
10010585,2025SP,4662,1580,3082
10010586,2025FA,5499,4725,774
10010587,2025FA,5820,5005,815
10010588,2025FA,5804,3122,2682
10010589,2025FA,11434,3113,8321
10010590,2025FA,4840,6756,-1916
10010591,2025FA,5720,2746,2974
10010592,2025FA,4721,203,4518
10010592,2025SP,3894,1039,2855
10010593,2025FA,5152,6134,-982
10010594,2025FA,9499,4902,4597
10010595,2025FA,4547,4063,484
10010595,2025SP,4169,1563,2606
10010596,2025FA,5032,3970,1062
10010597,2025FA,5295,3904,1391
10010598,2025FA,9441,6285,3156
10010599,2025FA,6485,3050,3435
10010600,2025FA,5968,1605,4363
10010600,2025SP,3859,3797,62
10010601,2025FA,8586,3630,4956
10010601,2025SP,3388,1863,1525
10010602,2025FA,5008,3386,1622
10010602,2025SP,3605,2313,1292
10010603,2025FA,4931,3721,1210
10010603,2025SP,4849,2291,2558
10010604,2025FA,10149,4654,5495
10010604,2025SP,4244,7090,-2846
10010605,2025FA,5522,5469,53
10010606,2025FA,4778,1936,2842
10010606,2025SP,4117,3301,816
10010607,2025FA,9315,4468,4847
10010607,2025SP,5434,3404,2030
10010608,2025FA,10564,1416,9148
10010608,2025SP,5182,2165,3017
10010609,2025FA,5188,1353,3835
10010609,2025SP,5170,3951,1219
10010610,2025FA,4417,4188,229
10010611,2025FA,4581,5358,-777
10010612,2025FA,4712,4784,-72
10010613,2025FA,5988,4918,1070
10010614,2025FA,4472,2920,1552
10010614,2025SP,3727,4183,-456
10010615,2025FA,8178,1751,6427
10010615,2025SP,5285,2446,2839
10010616,2025FA,9417,3811,5606
10010616,2025SP,8012,1752,6260
10010617,2025FA,9305,944,8361
10010617,2025SP,5207,640,4567
10010618,2025FA,4708,2610,2098
10010619,2025FA,5204,1545,3659
10010620,2025FA,4421,1982,2439
10010621,2025FA,4409,2239,2170
10010621,2025SP,8045,1887,6158
10010622,2025FA,5186,4447,739
10010623,2025FA,5293,3221,2072
10010623,2025SP,3652,4004,-352
10010624,2025FA,8551,3535,5016
10010624,2025SP,4546,1519,3027
10010625,2025FA,4520,4739,-219
10010626,2025FA,9470,1688,7782
10010626,2025SP,3458,3685,-227
10010627,2025FA,5992,3533,2459
10010627,2025SP,8626,1113,7513
10010628,2025FA,5136,5187,-51
10010629,2025FA,4701,827,3874
10010630,2025FA,5359,4710,649
10010630,2025SP,7922,5964,1958
10010631,2025FA,5195,1620,3575
10010632,2025FA,6982,4480,2502
10010633,2025FA,5363,3419,1944
10010634,2025FA,5091,5201,-110
10010635,2025FA,4539,1322,3217
10010636,2025FA,8692,4379,4313
10010636,2025SP,4736,435,4301
10010637,2025FA,4737,3215,1522
10010637,2025SP,3335,4491,-1156
10010638,2025FA,5922,1755,4167
10010639,2025FA,5581,2855,2726
10010639,2025SP,9401,350,9051
10010640,2025FA,4911,5241,-330
10010640,2025SP,4793,4068,725
10010641,2025FA,8108,7689,419
10010641,2025SP,6084,4034,2050
10010642,2025FA,8683,1817,6866
10010642,2025SP,3828,7362,-3534
10010643,2025FA,5157,1959,3198
10010644,2025FA,5490,1205,4285
10010644,2025SP,5006,710,4296
10010645,2025FA,9476,4139,5337
10010646,2025FA,5837,2763,3074
10010647,2025FA,5813,4614,1199
10010648,2025FA,4756,5420,-664
10010648,2025SP,6612,1529,5083
10010649,2025FA,4716,3036,1680
10010649,2025SP,3392,3957,-565
10010650,2025FA,5017,4351,666
10010650,2025SP,4858,3061,1797
10010651,2025FA,5580,3566,2014
10010652,2025FA,8676,7739,937
10010653,2025FA,9403,3893,5510
10010654,2025FA,5043,1568,3475
10010654,2025SP,7389,2876,4513
10010655,2025FA,9359,1972,7387
10010656,2025FA,5164,2754,2410
10010656,2025SP,8078,2408,5670
10010657,2025FA,4317,1692,2625
10010658,2025FA,9381,1424,7957
10010659,2025FA,5225,3348,1877
10010660,2025FA,8174,4899,3275
10010661,2025FA,4893,2888,2005
10010662,2025FA,8019,3635,4384
10010662,2025SP,5036,786,4250
10010663,2025FA,5108,645,4463
10010664,2025FA,4819,4280,539
10010665,2025FA,4558,4273,285
10010666,2025FA,8765,1184,7581
10010666,2025SP,6884,6463,421
10010667,2025FA,5155,3559,1596
10010668,2025FA,5551,4048,1503
10010668,2025SP,4892,3275,1617
10010669,2025FA,5961,3209,2752
10010669,2025SP,3757,2795,962
10010670,2025FA,6255,5302,953
10010671,2025FA,8114,437,7677
10010671,2025SP,6714,2848,3866
10010672,2025FA,4884,1914,2970
10010673,2025FA,4865,5179,-314
10010673,2025SP,5474,1750,3724
10010674,2025FA,5866,3769,2097
10010674,2025SP,9281,6363,2918
10010675,2025FA,10080,2209,7871
10010676,2025FA,5017,4627,390
10010676,2025SP,3347,2706,641
10010677,2025FA,4384,4283,101
10010678,2025FA,10787,1071,9716
10010679,2025FA,8026,1871,6155
10010680,2025FA,9491,1812,7679
10010681,2025FA,6245,2936,3309
10010682,2025FA,4942,1141,3801
10010683,2025FA,8001,2970,5031
10010684,2025FA,10508,3107,7401
10010684,2025SP,4666,1707,2959
10010685,2025FA,9280,4611,4669
10010685,2025SP,5424,4638,786
10010686,2025FA,4484,5922,-1438
10010686,2025SP,4928,4695,233
10010687,2025FA,10536,1911,8625
10010687,2025SP,6848,3651,3197
10010688,2025FA,4469,2860,1609
10010689,2025FA,4721,6078,-1357
10010690,2025FA,4583,2456,2127
10010690,2025SP,5035,2900,2135
10010691,2025FA,7908,3870,4038
10010691,2025SP,3474,3946,-472
10010692,2025FA,6671,1224,5447
10010693,2025FA,8814,1080,7734
10010693,2025SP,3878,2841,1037
10010694,2025FA,9465,4241,5224
10010695,2025FA,5217,1498,3719
10010695,2025SP,3991,6280,-2289
10010696,2025FA,5266,1695,3571
10010696,2025SP,4048,2311,1737
10010697,2025FA,8045,7441,604
10010698,2025FA,5099,2456,2643
10010699,2025FA,5211,2829,2382
10010699,2025SP,6672,2830,3842
10010700,2025FA,6307,2088,4219
10010701,2025FA,8694,5433,3261
10010702,2025FA,9462,1883,7579
10010703,2025FA,4510,2284,2226
10010704,2025FA,5979,3682,2297
10010704,2025SP,9304,1891,7413
10010705,2025FA,11223,3049,8174
10010706,2025FA,4715,3618,1097
10010707,2025FA,9227,3183,6044
10010708,2025FA,6470,4047,2423
10010708,2025SP,5986,2599,3387
10010709,2025FA,8076,4711,3365
10010709,2025SP,5047,2792,2255
10010710,2025FA,4913,1608,3305
10010710,2025SP,4586,2543,2043
10010711,2025FA,6054,2740,3314
10010712,2025FA,9305,1476,7829
10010712,2025SP,5058,5049,9
10010713,2025FA,5756,1670,4086
10010714,2025FA,5910,4257,1653
10010715,2025FA,4782,1006,3776
10010716,2025FA,8734,2810,5924
10010717,2025FA,4684,6542,-1858
10010718,2025FA,4674,3949,725
10010718,2025SP,6778,1208,5570
10010719,2025FA,9973,3949,6024
10010720,2025FA,4333,5394,-1061
10010721,2025FA,10577,2853,7724
10010721,2025SP,4850,2052,2798
10010722,2025FA,6343,927,5416
10010722,2025SP,3380,4691,-1311
10010723,2025FA,5546,3479,2067
10010724,2025FA,8794,3408,5386
10010724,2025SP,4705,2920,1785
10010725,2025FA,4554,4838,-284
10010725,2025SP,3964,1485,2479
10010726,2025FA,9931,2281,7650
10010726,2025SP,4812,1964,2848
10010727,2025FA,4382,5202,-820
10010727,2025SP,9214,919,8295
10010728,2025FA,5419,4890,529
10010729,2025FA,5162,7358,-2196
10010729,2025SP,4752,2199,2553
10010730,2025FA,5809,4878,931
10010731,2025FA,6264,2417,3847
10010732,2025FA,4799,1347,3452
10010732,2025SP,3611,3815,-204
10010733,2025FA,5964,1463,4501
10010734,2025FA,4813,651,4162
10010735,2025FA,5281,1171,4110
10010736,2025FA,5173,3108,2065
10010736,2025SP,6836,3660,3176
10010737,2025FA,7999,1179,6820
10010738,2025FA,10578,968,9610
10010739,2025FA,9331,2831,6500
10010740,2025FA,5788,4101,1687
10010741,2025FA,5459,1796,3663
10010741,2025SP,3717,1758,1959
10010742,2025FA,5929,2175,3754
10010743,2025FA,5926,4715,1211
10010743,2025SP,3478,4254,-776
10010744,2025FA,5490,2904,2586
10010745,2025FA,6668,3763,2905
10010745,2025SP,5123,2147,2976
10010746,2025FA,6472,4025,2447
10010746,2025SP,5622,1172,4450
10010747,2025FA,4694,351,4343
10010747,2025SP,3863,1278,2585
10010748,2025FA,10783,4136,6647
10010749,2025FA,5371,3710,1661
10010750,2025FA,8726,4967,3759
10010750,2025SP,5039,2417,2622
10010751,2025FA,4687,528,4159
10010752,2025FA,5379,1454,3925
10010753,2025FA,4935,5888,-953
10010754,2025FA,9423,3636,5787
10010754,2025SP,8654,2934,5720
10010755,2025FA,8602,2538,6064
10010756,2025FA,8670,3316,5354
10010757,2025FA,4448,3615,833
10010758,2025FA,6466,4248,2218
10010759,2025FA,4806,5864,-1058
10010759,2025SP,3717,1391,2326
10010760,2025FA,9878,3133,6745
10010761,2025FA,8198,2706,5492
10010762,2025FA,4517,4705,-188
10010763,2025FA,5875,8343,-2468
10010764,2025FA,5259,5918,-659
10010765,2025FA,8005,4436,3569
10010766,2025FA,6201,1692,4509
10010766,2025SP,3778,1693,2085
10010767,2025FA,5028,2720,2308
10010768,2025FA,5300,3469,1831
10010769,2025FA,8624,6118,2506
10010769,2025SP,6876,2692,4184
10010770,2025FA,4718,2664,2054
10010771,2025FA,4719,2879,1840
10010772,2025FA,5991,2453,3538
10010772,2025SP,5444,3019,2425
10010773,2025FA,8836,5566,3270
10010774,2025FA,5820,5953,-133
10010775,2025FA,10787,2761,8026
10010775,2025SP,5262,5091,171
10010776,2025FA,4453,4110,343
10010776,2025SP,3759,2309,1450
10010777,2025FA,8615,958,7657
10010778,2025FA,4655,3817,838
10010779,2025FA,6346,5399,947
10010779,2025SP,4882,3190,1692
10010780,2025FA,4335,1356,2979
10010780,2025SP,3292,3223,69
10010781,2025FA,8718,4565,4153
10010781,2025SP,7273,3705,3568
10010782,2025FA,5061,4996,65
10010782,2025SP,3778,3279,499
10010783,2025FA,5414,3946,1468
10010783,2025SP,8636,1337,7299
10010784,2025FA,6590,1809,4781
10010784,2025SP,3737,2260,1477
10010785,2025FA,5961,5395,566
10010785,2025SP,7439,1920,5519
10010786,2025FA,5035,2835,2200
10010787,2025FA,9356,1586,7770
10010788,2025FA,5647,1414,4233
10010789,2025FA,4730,3598,1132
10010790,2025FA,11161,1392,9769
10010791,2025FA,5917,1248,4669
10010792,2025FA,4730,5841,-1111
10010793,2025FA,8703,781,7922
10010794,2025FA,6695,4630,2065
10010795,2025FA,4869,5023,-154
10010796,2025FA,5797,5027,770
10010796,2025SP,4229,687,3542
10010797,2025FA,4932,4318,614
10010797,2025SP,3539,5073,-1534
10010798,2025FA,5195,3495,1700
10010798,2025SP,5640,3357,2283
10010799,2025FA,6488,2874,3614
10010800,2025FA,4326,4333,-7
10010801,2025FA,4479,1272,3207
10010802,2025FA,5783,3317,2466
10010802,2025SP,5422,249,5173
10010803,2025FA,9873,3915,5958
10010803,2025SP,4867,5188,-321
10010804,2025FA,11403,5230,6173
10010804,2025SP,5115,4890,225
10010805,2025FA,8782,4669,4113
10010806,2025FA,8106,4834,3272
10010807,2025FA,5976,2440,3536
10010808,2025FA,4463,1100,3363
10010808,2025SP,3955,5019,-1064
10010809,2025FA,5812,1805,4007
10010810,2025FA,6306,5178,1128
10010810,2025SP,3458,2013,1445
10010811,2025FA,4864,4008,856
10010811,2025SP,3616,2898,718
10010812,2025FA,4725,239,4486
10010812,2025SP,4916,2903,2013
10010813,2025FA,4315,3758,557
10010814,2025FA,6284,3305,2979
10010814,2025SP,3872,1443,2429
10010815,2025FA,4863,4413,450
10010815,2025SP,9463,5439,4024
10010816,2025FA,10701,3566,7135
10010817,2025FA,4746,2297,2449
10010818,2025FA,5979,3597,2382
10010819,2025FA,5376,1770,3606
10010819,2025SP,3263,2465,798
10010820,2025FA,4656,2146,2510
10010820,2025SP,3710,691,3019
10010821,2025FA,9400,1681,7719
10010822,2025FA,4548,4698,-150
10010822,2025SP,6055,2187,3868
10010823,2025FA,4404,3697,707
10010824,2025FA,5156,1839,3317
10010825,2025FA,10024,489,9535
10010826,2025FA,4707,2752,1955
10010827,2025FA,4593,5202,-609
10010827,2025SP,6617,1359,5258
10010828,2025FA,8095,5020,3075
10010828,2025SP,4518,4906,-388
10010829,2025FA,9426,4186,5240
10010830,2025FA,6149,1468,4681
10010830,2025SP,6657,3452,3205
10010831,2025FA,11990,5798,6192
10010832,2025FA,5289,2630,2659
10010833,2025FA,5006,3586,1420
10010833,2025SP,4796,2242,2554
10010834,2025FA,4677,5703,-1026
10010834,2025SP,3626,3645,-19
10010835,2025FA,6324,5704,620
10010836,2025FA,4347,403,3944
10010837,2025FA,4510,5013,-503
10010838,2025FA,11806,2117,9689
10010839,2025FA,9211,2510,6701
10010840,2025FA,5389,2225,3164
10010840,2025SP,8074,2262,5812
10010841,2025FA,4591,2570,2021
10010841,2025SP,8561,7349,1212
10010842,2025FA,5814,4849,965
10010843,2025FA,4762,1790,2972
10010844,2025FA,5943,2452,3491
10010845,2025FA,8786,4093,4693
10010845,2025SP,8726,4715,4011
10010846,2025FA,4928,4946,-18
10010846,2025SP,4852,2844,2008
10010847,2025FA,8715,5829,2886
10010848,2025FA,5035,4065,970
10010848,2025SP,4584,3122,1462
10010849,2025FA,9964,3008,6956
10010850,2025FA,8618,244,8374
10010851,2025FA,4898,2624,2274
10010852,2025FA,5616,4179,1437
10010852,2025SP,6604,3756,2848
10010853,2025FA,4541,4117,424
10010853,2025SP,6008,2034,3974
10010854,2025FA,8762,3367,5395
10010855,2025FA,4422,2230,2192
10010855,2025SP,8725,2062,6663
10010856,2025FA,8635,4387,4248
10010857,2025FA,4719,3667,1052
10010857,2025SP,4860,5369,-509
10010858,2025FA,4450,1353,3097
10010859,2025FA,8612,5450,3162
10010859,2025SP,5509,3003,2506
10010860,2025FA,6350,2230,4120
10010861,2025FA,4924,3409,1515
10010862,2025FA,8031,3436,4595
10010863,2025FA,10553,1810,8743
10010863,2025SP,5160,6456,-1296
10010864,2025FA,8743,2799,5944
10010865,2025FA,4667,2535,2132
10010866,2025FA,5779,1159,4620
10010867,2025FA,4799,3243,1556
10010867,2025SP,4715,4537,178
10010868,2025FA,6159,1597,4562
10010868,2025SP,5147,3869,1278
10010869,2025FA,5827,2382,3445
10010869,2025SP,4864,4666,198
10010870,2025FA,8784,994,7790
10010871,2025FA,9215,3920,5295
10010872,2025FA,8552,1044,7508
10010873,2025FA,4825,282,4543
10010873,2025SP,5025,2803,2222
10010874,2025FA,4486,3866,620
10010875,2025FA,5476,3609,1867
10010876,2025FA,4656,3493,1163
10010877,2025FA,4880,2829,2051
10010878,2025FA,7911,790,7121
10010879,2025FA,5048,7729,-2681
10010880,2025FA,6116,3176,2940
10010880,2025SP,4146,1991,2155
10010881,2025FA,10593,455,10138
10010882,2025FA,8676,3218,5458
10010883,2025FA,8743,6237,2506
10010883,2025SP,4841,4747,94
10010884,2025FA,5868,3985,1883
10010885,2025FA,5018,4928,90
10010886,2025FA,4550,5995,-1445
10010887,2025FA,4725,4094,631
10010887,2025SP,8814,6413,2401
10010888,2025FA,5100,1215,3885
10010888,2025SP,4225,7136,-2911
10010889,2025FA,5939,2760,3179
10010890,2025FA,4862,893,3969
10010890,2025SP,4755,5688,-933
10010891,2025FA,4696,4740,-44
10010892,2025FA,5615,2549,3066
10010893,2025FA,5464,3333,2131
10010893,2025SP,4946,5738,-792
10010894,2025FA,4690,785,3905
10010894,2025SP,6200,3253,2947
10010895,2025FA,11422,3531,7891
10010896,2025FA,11396,4027,7369
10010897,2025FA,4487,3133,1354
10010898,2025FA,10641,5333,5308
10010898,2025SP,3346,2693,653
10010899,2025FA,4892,260,4632
10010900,2025FA,5548,4727,821
10010901,2025FA,5767,3323,2444
10010902,2025FA,4747,3872,875
10010903,2025FA,4688,7536,-2848
10010904,2025FA,6630,4245,2385
10010905,2025FA,5237,3517,1720
10010906,2025FA,8575,5181,3394
10010907,2025FA,4447,7585,-3138
10010907,2025SP,3314,3325,-11
10010908,2025FA,9364,1855,7509
10010909,2025FA,5205,999,4206
10010910,2025FA,5444,4549,895
10010911,2025FA,5505,3777,1728
10010911,2025SP,4081,459,3622
10010912,2025FA,4508,4014,494
10010912,2025SP,4350,4684,-334
10010913,2025FA,5133,1307,3826
10010914,2025FA,4424,2691,1733
10010914,2025SP,3378,3077,301
10010915,2025FA,4657,3743,914
10010916,2025FA,8695,2644,6051
10010917,2025FA,6278,1953,4325
10010917,2025SP,3384,1988,1396
10010918,2025FA,10002,2279,7723
10010918,2025SP,3896,4240,-344
10010919,2025FA,4823,4496,327
10010920,2025FA,9452,4170,5282
10010920,2025SP,3774,2960,814
10010921,2025FA,4671,1379,3292
10010922,2025FA,4941,4800,141
10010922,2025SP,8840,328,8512
10010923,2025FA,4397,949,3448
10010924,2025FA,7907,7546,361
10010924,2025SP,3632,2987,645
10010925,2025FA,4829,4638,191
10010926,2025FA,4855,6109,-1254
10010926,2025SP,6775,808,5967
10010927,2025FA,4724,1496,3228
10010928,2025FA,4716,3302,1414
10010929,2025FA,8796,1044,7752
10010929,2025SP,4334,4950,-616
10010930,2025FA,4733,4082,651
10010931,2025FA,4574,616,3958
10010932,2025FA,4385,3483,902
10010933,2025FA,5034,4799,235
10010934,2025FA,5172,3369,1803
10010935,2025FA,5599,3745,1854
10010936,2025FA,6221,1827,4394
10010936,2025SP,5139,1943,3196
10010937,2025FA,4853,2936,1917
10010938,2025FA,8596,2596,6000
10010938,2025SP,4753,2293,2460
10010939,2025FA,5732,6152,-420
10010939,2025SP,8053,282,7771
10010940,2025FA,5447,3858,1589
10010941,2025FA,5509,3618,1891
10010941,2025SP,3714,1945,1769
10010942,2025FA,5262,3779,1483
10010943,2025FA,4444,4532,-88
10010943,2025SP,3622,3121,501
10010944,2025FA,4857,1527,3330
10010945,2025FA,9215,2479,6736
10010945,2025SP,5426,2922,2504
10010946,2025FA,4451,2427,2024
10010947,2025FA,4680,5346,-666
10010948,2025FA,5259,4904,355
10010948,2025SP,3426,4914,-1488
10010949,2025FA,4696,7216,-2520
10010949,2025SP,4850,1484,3366
10010950,2025FA,9923,2904,7019
10010950,2025SP,3765,4166,-401
10010951,2025FA,8748,6959,1789
10010952,2025FA,4577,4217,360
10010953,2025FA,5862,794,5068
10010953,2025SP,3724,1673,2051
10010954,2025FA,4808,4042,766
10010955,2025FA,4754,2421,2333
10010955,2025SP,4654,4580,74
10010956,2025FA,9432,3921,5511
10010956,2025SP,5991,3002,2989
10010957,2025FA,4912,5020,-108
10010958,2025FA,4786,1802,2984
10010958,2025SP,3452,361,3091
10010959,2025FA,8833,4577,4256
10010960,2025FA,10626,4871,5755
10010960,2025SP,3701,3175,526
10010961,2025FA,4909,1360,3549
10010962,2025FA,8030,5577,2453
10010962,2025SP,6773,2855,3918
10010963,2025FA,9407,4689,4718
10010963,2025SP,5016,3140,1876
10010964,2025FA,4946,3365,1581
10010964,2025SP,5218,4654,564
10010965,2025FA,5839,3661,2178
10010966,2025FA,12032,3928,8104
10010967,2025FA,5704,2189,3515
10010968,2025FA,4950,3914,1036
10010969,2025FA,5272,4154,1118
10010969,2025SP,6608,3021,3587
10010970,2025FA,10566,1015,9551
10010971,2025FA,10565,1307,9258
10010971,2025SP,3768,828,2940
10010972,2025FA,5258,4607,651
10010972,2025SP,7936,1898,6038
10010973,2025FA,9338,7945,1393
10010974,2025FA,4706,6632,-1926
10010974,2025SP,3639,2628,1011
10010975,2025FA,11918,2636,9282
10010975,2025SP,3769,5642,-1873
10010976,2025FA,4652,2304,2348
10010977,2025FA,6198,2016,4182
10010977,2025SP,3818,2970,848
10010978,2025FA,5021,5963,-942
10010979,2025FA,4699,2252,2447
10010980,2025FA,4305,4963,-658
10010980,2025SP,3658,3338,320
10010981,2025FA,4833,4712,121
10010982,2025FA,5275,1163,4112
10010983,2025FA,6987,2377,4610
10010984,2025FA,9324,1942,7382
10010984,2025SP,6850,4064,2786
10010985,2025FA,4514,6316,-1802
10010986,2025FA,8682,1236,7446
10010987,2025FA,9437,1378,8059
10010987,2025SP,3632,791,2841
10010988,2025FA,7991,1302,6689
10010988,2025SP,8670,2649,6021
10010989,2025FA,5299,1741,3558
10010990,2025FA,11896,1626,10270
10010991,2025FA,11880,2785,9095
10010991,2025SP,7347,3658,3689
10010992,2025FA,8817,2007,6810
10010993,2025FA,5766,1910,3856
10010993,2025SP,8771,3027,5744
10010994,2025FA,9475,1053,8422
10010994,2025SP,5421,2625,2796
10010995,2025FA,4561,2045,2516
10010995,2025SP,4528,4151,377
10010996,2025FA,9377,940,8437
10010996,2025SP,9945,4459,5486
10010997,2025FA,6946,2974,3972
10010998,2025FA,11810,4529,7281
10010999,2025FA,6227,1620,4607
10010999,2025SP,6623,3335,3288
10011000,2025FA,9280,4481,4799
10011001,2025FA,6248,6671,-423
10011001,2025SP,4925,3729,1196
10011002,2025FA,4655,3403,1252
10011003,2025FA,9418,4067,5351
10011003,2025SP,3774,385,3389
10011004,2025FA,5156,6465,-1309
10011005,2025FA,4329,691,3638
10011005,2025SP,4099,4431,-332
10011006,2025FA,5996,1765,4231
10011007,2025FA,4717,2069,2648
10011007,2025SP,5000,2137,2863
10011008,2025FA,10136,2624,7512
10011009,2025FA,5078,5817,-739
10011010,2025FA,4713,3700,1013
10011011,2025FA,4850,1574,3276
10011012,2025FA,8014,3773,4241
10011012,2025SP,6775,3006,3769
10011013,2025FA,4798,4257,541
10011014,2025FA,4678,3143,1535
10011015,2025FA,8681,4920,3761
10011016,2025FA,9340,5212,4128
10011016,2025SP,8824,2723,6101
10011017,2025FA,5441,2343,3098
10011018,2025FA,5075,3287,1788
10011019,2025FA,5268,3954,1314
10011020,2025FA,5100,2820,2280
10011020,2025SP,3268,3714,-446
10011021,2025FA,5015,4168,847
10011022,2025FA,8688,1329,7359
10011023,2025FA,5783,4417,1366
10011023,2025SP,8599,5720,2879
10011024,2025FA,8710,4197,4513
10011024,2025SP,4662,556,4106
10011025,2025FA,4756,1854,2902
10011026,2025FA,4853,2523,2330
10011026,2025SP,8631,6233,2398
10011027,2025FA,5350,3743,1607
10011027,2025SP,3465,1582,1883
10011028,2025FA,4776,1585,3191
10011028,2025SP,3888,2563,1325
10011029,2025FA,6135,3628,2507
10011030,2025FA,4843,3676,1167
10011031,2025FA,5496,2143,3353
10011031,2025SP,7504,1591,5913
10011032,2025FA,4556,3144,1412
10011033,2025FA,5774,2575,3199
10011033,2025SP,3338,4949,-1611
10011034,2025FA,5724,5109,615
10011034,2025SP,3808,2972,836
10011035,2025FA,4882,3292,1590
10011036,2025FA,10091,3811,6280
10011037,2025FA,4685,1815,2870
10011038,2025FA,4655,4193,462
10011039,2025FA,8617,6975,1642
10011040,2025FA,4310,644,3666
10011041,2025FA,10631,4453,6178
10011041,2025SP,5084,4467,617
10011042,2025FA,5974,3746,2228
10011042,2025SP,5071,2912,2159
10011043,2025FA,5122,5380,-258
10011044,2025FA,9201,1792,7409
10011045,2025FA,5102,3765,1337
10011046,2025FA,8823,3723,5100
10011046,2025SP,4817,3939,878
10011047,2025FA,5598,804,4794
10011048,2025FA,4895,1736,3159
10011048,2025SP,3251,4044,-793
10011049,2025FA,4519,3218,1301
10011050,2025FA,5973,4533,1440
10011051,2025FA,4898,1392,3506
10011052,2025FA,4435,4930,-495
10011053,2025FA,4660,5625,-965
10011054,2025FA,4512,7266,-2754
10011055,2025FA,5099,1609,3490
10011056,2025FA,5292,2022,3270
10011057,2025FA,4878,1445,3433
10011058,2025FA,4922,4829,93
10011058,2025SP,5189,1813,3376
10011059,2025FA,4802,3556,1246
10011059,2025SP,5580,3158,2422
10011060,2025FA,9320,5857,3463
10011061,2025FA,4696,2128,2568
10011062,2025FA,6123,3013,3110
10011063,2025FA,6214,5486,728
10011064,2025FA,8796,214,8582
10011065,2025FA,5724,2358,3366
10011066,2025FA,4754,585,4169
10011066,2025SP,3861,1520,2341
10011067,2025FA,6100,3065,3035
10011067,2025SP,3473,497,2976
10011068,2025FA,5107,2420,2687
10011069,2025FA,5249,3554,1695
10011070,2025FA,8578,6801,1777
10011071,2025FA,10131,2416,7715
10011072,2025FA,5033,874,4159
10011073,2025FA,4842,549,4293
10011074,2025FA,8621,1468,7153
10011075,2025FA,5044,1318,3726
10011075,2025SP,4937,6272,-1335
10011076,2025FA,4841,1284,3557
10011077,2025FA,4904,2714,2190
10011078,2025FA,8708,3934,4774
10011079,2025FA,6251,1337,4914
10011079,2025SP,4058,1633,2425
10011080,2025FA,5577,1935,3642
10011080,2025SP,3832,5960,-2128
10011081,2025FA,10509,1949,8560
10011081,2025SP,3626,7263,-3637
10011082,2025FA,6152,4905,1247
10011083,2025FA,5234,3928,1306
10011084,2025FA,4929,4997,-68
10011084,2025SP,3435,4774,-1339
10011085,2025FA,4752,2574,2178
10011085,2025SP,4679,5935,-1256
10011086,2025FA,5992,3423,2569
10011087,2025FA,8799,3890,4909
10011088,2025FA,4357,6130,-1773
10011089,2025FA,10702,3364,7338
10011090,2025FA,10089,2069,8020
10011091,2025FA,9492,2072,7420
10011092,2025FA,5063,2238,2825
10011092,2025SP,4230,1278,2952
10011093,2025FA,11173,5472,5701
10011093,2025SP,4799,872,3927
10011094,2025FA,4932,427,4505
10011094,2025SP,3538,4271,-733
10011095,2025FA,6188,2732,3456
10011096,2025FA,8826,938,7888
10011097,2025FA,5870,3464,2406
10011097,2025SP,8107,4590,3517
10011098,2025FA,4836,2845,1991
10011098,2025SP,8798,2419,6379
10011099,2025FA,4867,4791,76
10011100,2025FA,4854,4549,305
10011101,2025FA,9276,2989,6287
10011102,2025FA,11261,3770,7491
10011102,2025SP,5218,3186,2032
10011103,2025FA,5940,4590,1350
10011104,2025FA,9264,4901,4363
10011104,2025SP,3832,6208,-2376
10011105,2025FA,10554,2736,7818
10011105,2025SP,9245,3819,5426
10011106,2025FA,4778,1922,2856
10011107,2025FA,5754,5471,283
10011108,2025FA,4787,1621,3166
10011109,2025FA,8196,3782,4414
10011110,2025FA,6497,3860,2637
10011111,2025FA,4792,3042,1750
10011112,2025FA,5804,924,4880
10011112,2025SP,3644,1429,2215
10011113,2025FA,6196,800,5396
10011113,2025SP,6607,4407,2200
10011114,2025FA,4513,4491,22
10011115,2025FA,4769,4173,596
10011116,2025FA,8081,4724,3357
10011117,2025FA,4807,5033,-226
10011117,2025SP,4901,4798,103
10011118,2025FA,5182,4730,452
10011119,2025FA,4853,2909,1944
10011120,2025FA,4468,468,4000
10011121,2025FA,8179,2249,5930
10011121,2025SP,6249,3105,3144
10011122,2025FA,5727,5465,262
10011122,2025SP,9455,4841,4614
10011123,2025FA,9231,3859,5372
10011124,2025FA,4405,390,4015
10011124,2025SP,8025,2490,5535
10011125,2025FA,4384,301,4083
10011126,2025FA,5210,4354,856
10011127,2025FA,6957,1909,5048
10011127,2025SP,4144,1862,2282
10011128,2025FA,6616,4703,1913
10011129,2025FA,8157,4448,3709
10011130,2025FA,11244,3305,7939
10011130,2025SP,3383,2242,1141
10011131,2025FA,10120,1357,8763
10011132,2025FA,6054,2052,4002
10011133,2025FA,5158,5899,-741
10011133,2025SP,6665,5272,1393
10011134,2025FA,4542,4000,542
10011135,2025FA,5250,2259,2991
10011136,2025FA,8555,2971,5584
10011137,2025FA,6779,1371,5408
10011138,2025FA,10660,3802,6858
10011138,2025SP,4519,6918,-2399
10011139,2025FA,4381,2302,2079
10011139,2025SP,3632,3441,191
10011140,2025FA,9883,1035,8848
10011140,2025SP,4320,6956,-2636
10011141,2025FA,5428,4235,1193
10011142,2025FA,9222,3428,5794
10011143,2025FA,9859,5109,4750
10011144,2025FA,5636,2970,2666
10011145,2025FA,5571,3811,1760
10011146,2025FA,5529,6355,-826
10011147,2025FA,4737,1909,2828
10011147,2025SP,5104,1546,3558
10011148,2025FA,8134,3009,5125
10011149,2025FA,4399,2469,1930
10011149,2025SP,5250,4388,862
10011150,2025FA,4773,3655,1118
10011150,2025SP,8805,3616,5189
10011151,2025FA,4917,3007,1910
10011152,2025FA,4817,295,4522
10011153,2025FA,8596,668,7928
10011153,2025SP,5198,3544,1654
10011154,2025FA,4668,4809,-141
10011154,2025SP,4138,1673,2465
10011155,2025FA,4384,3422,962
10011156,2025FA,7997,2346,5651
10011156,2025SP,3835,3626,209
10011157,2025FA,6218,4167,2051
10011158,2025FA,9489,2886,6603
10011159,2025FA,5008,5921,-913
10011159,2025SP,3728,1652,2076
10011160,2025FA,4949,1560,3389
10011161,2025FA,4445,4090,355
10011161,2025SP,6670,5562,1108
10011162,2025FA,5425,4613,812
10011162,2025SP,4437,3472,965
10011163,2025FA,5356,4516,840
10011164,2025FA,4857,4739,118
10011164,2025SP,4361,3385,976
10011165,2025FA,6436,3305,3131
10011166,2025FA,4550,2804,1746
10011166,2025SP,3730,3575,155
10011167,2025FA,4656,3119,1537
10011168,2025FA,8650,5208,3442
10011169,2025FA,4914,2883,2031
10011170,2025FA,5719,3781,1938
10011171,2025FA,5294,3099,2195
10011172,2025FA,7966,4792,3174
10011173,2025FA,9316,1805,7511
10011174,2025FA,6441,2983,3458
10011175,2025FA,5193,1551,3642
10011176,2025FA,4486,5505,-1019
10011176,2025SP,6699,1066,5633
10011177,2025FA,8005,5236,2769
10011177,2025SP,9993,6173,3820
10011178,2025FA,5857,4646,1211
10011178,2025SP,5262,2578,2684
10011179,2025FA,9260,1721,7539
10011180,2025FA,11188,2396,8792
10011181,2025FA,10513,3390,7123
10011182,2025FA,4823,422,4401
10011183,2025FA,4948,1982,2966
10011184,2025FA,4421,966,3455
10011185,2025FA,10562,4103,6459
10011185,2025SP,3639,1313,2326
10011186,2025FA,4915,2224,2691
10011186,2025SP,4844,1844,3000
10011187,2025FA,5785,1444,4341
10011188,2025FA,9852,6074,3778
10011189,2025FA,4513,4862,-349
10011190,2025FA,10529,3950,6579
10011191,2025FA,4824,3708,1116
10011191,2025SP,5098,4280,818
10011192,2025FA,6091,3463,2628
10011193,2025FA,4810,1728,3082
10011194,2025FA,6409,3564,2845
10011195,2025FA,5903,3218,2685
10011196,2025FA,5383,3276,2107
10011196,2025SP,9396,1776,7620
10011197,2025FA,6629,2017,4612
10011198,2025FA,4361,4924,-563
10011199,2025FA,8603,2302,6301
10011200,2025FA,5192,663,4529
10011200,2025SP,8798,432,8366
10011201,2025FA,6148,746,5402
10011201,2025SP,4782,1203,3579
10011202,2025FA,6283,1414,4869
10011202,2025SP,5500,3591,1909
10011203,2025FA,11416,1378,10038
10011204,2025FA,5009,2270,2739
10011205,2025FA,4678,3358,1320
10011206,2025FA,6555,2821,3734
10011207,2025FA,11230,3428,7802
10011208,2025FA,4448,4206,242
10011209,2025FA,4841,2156,2685
10011209,2025SP,6233,3783,2450
10011210,2025FA,5394,3587,1807
10011210,2025SP,4317,2516,1801
10011211,2025FA,4789,4298,491
10011212,2025FA,5185,8000,-2815
10011213,2025FA,4903,923,3980
10011214,2025FA,5791,3168,2623
10011215,2025FA,5493,4451,1042
10011216,2025FA,8166,2124,6042
10011217,2025FA,4702,3923,779
10011217,2025SP,5182,2459,2723
10011218,2025FA,12080,4845,7235
10011218,2025SP,4696,3711,985
10011219,2025FA,4746,1334,3412
10011220,2025FA,8032,3273,4759
10011221,2025FA,5104,4686,418
10011222,2025FA,9443,1924,7519
10011223,2025FA,4780,1955,2825
10011223,2025SP,4584,1833,2751
10011224,2025FA,4843,6161,-1318
10011225,2025FA,4882,1803,3079
10011226,2025FA,8046,5717,2329
10011227,2025FA,4367,1466,2901
10011228,2025FA,8632,2754,5878
10011229,2025FA,4748,974,3774
10011229,2025SP,6201,4282,1919
10011230,2025FA,4351,1035,3316
10011230,2025SP,5166,4358,808
10011231,2025FA,9214,3527,5687
10011232,2025FA,5979,3494,2485
10011233,2025FA,5247,333,4914
10011233,2025SP,7519,1498,6021
10011234,2025FA,5746,3078,2668
10011235,2025FA,4681,791,3890
10011236,2025FA,8562,1625,6937
10011237,2025FA,5209,1723,3486
10011238,2025FA,9287,4614,4673
10011239,2025FA,4748,4605,143
10011239,2025SP,9433,2231,7202
10011240,2025FA,6309,1684,4625
10011241,2025FA,8125,5907,2218
10011242,2025FA,5261,4865,396
10011243,2025FA,8010,719,7291
10011244,2025FA,5907,3224,2683
10011244,2025SP,3289,4847,-1558
10011245,2025FA,11359,3119,8240
10011246,2025FA,5180,4763,417
10011246,2025SP,4395,3013,1382
10011247,2025FA,9890,5001,4889
10011248,2025FA,5032,3857,1175
10011249,2025FA,5812,2095,3717
10011250,2025FA,11987,2654,9333
10011250,2025SP,3770,3929,-159
10011251,2025FA,9245,5796,3449
10011251,2025SP,5441,1582,3859
10011252,2025FA,4804,3664,1140
10011252,2025SP,5003,3301,1702
10011253,2025FA,5462,2024,3438
10011254,2025FA,5632,5866,-234
10011254,2025SP,3524,2148,1376
10011255,2025FA,4494,1481,3013
10011256,2025FA,6296,2469,3827
10011257,2025FA,8703,629,8074
10011257,2025SP,3693,5896,-2203
10011258,2025FA,4528,5607,-1079
10011258,2025SP,3820,2625,1195
10011259,2025FA,9228,2837,6391
10011260,2025FA,10761,4116,6645
10011260,2025SP,4878,2405,2473
10011261,2025FA,4300,1583,2717
10011261,2025SP,7956,5386,2570
10011262,2025FA,5822,1196,4626
10011263,2025FA,10534,2412,8122
10011263,2025SP,5288,5653,-365
10011264,2025FA,5378,327,5051
10011264,2025SP,3532,4793,-1261
10011265,2025FA,11238,3291,7947
10011266,2025FA,10052,3253,6799
10011267,2025FA,10778,3816,6962
10011268,2025FA,9415,3279,6136
10011269,2025FA,8755,5205,3550
10011270,2025FA,6495,3686,2809
10011270,2025SP,5284,1841,3443
10011271,2025FA,4571,3575,996
10011271,2025SP,5967,359,5608
10011272,2025FA,4823,2564,2259
10011273,2025FA,5352,992,4360
10011273,2025SP,7993,5939,2054
10011274,2025FA,5645,3746,1899
10011274,2025SP,3805,3577,228
10011275,2025FA,5802,3952,1850
10011275,2025SP,6851,641,6210
10011276,2025FA,11855,1932,9923
10011276,2025SP,9466,526,8940
10011277,2025FA,5397,5713,-316
10011278,2025FA,4740,5007,-267
10011279,2025FA,5713,2417,3296
10011280,2025FA,11292,4162,7130
10011281,2025FA,5528,4962,566
10011282,2025FA,10136,2876,7260
10011283,2025FA,4796,1667,3129
10011284,2025FA,4677,2818,1859
10011285,2025FA,9242,6578,2664
10011286,2025FA,8815,2224,6591
10011287,2025FA,4484,4928,-444
10011288,2025FA,12068,6175,5893
10011289,2025FA,9423,1982,7441
10011290,2025FA,5029,5170,-141
10011290,2025SP,5007,2533,2474
10011291,2025FA,4899,4696,203
10011291,2025SP,3742,2890,852
10011292,2025FA,5215,3528,1687
10011292,2025SP,3796,1392,2404
10011293,2025FA,5189,5122,67
10011294,2025FA,4526,957,3569
10011295,2025FA,9247,4498,4749
10011295,2025SP,8058,634,7424
10011296,2025FA,4467,3762,705
10011297,2025FA,6809,3479,3330
10011298,2025FA,5164,1884,3280
10011298,2025SP,3655,3114,541
10011299,2025FA,4701,1685,3016
10011300,2025FA,5299,1127,4172
10011300,2025SP,3810,1905,1905
10011301,2025FA,6925,3719,3206
10011302,2025FA,4756,1338,3418
10011302,2025SP,7516,2206,5310
10011303,2025FA,4578,5517,-939
10011304,2025FA,10741,248,10493
10011304,2025SP,6683,3741,2942
10011305,2025FA,5448,4352,1096
10011305,2025SP,5145,4947,198
10011306,2025FA,4703,2679,2024
10011306,2025SP,5952,7554,-1602
10011307,2025FA,11438,4749,6689
10011307,2025SP,4667,1071,3596
10011308,2025FA,4914,1732,3182
10011309,2025FA,4522,4211,311
10011310,2025FA,5712,1849,3863
10011311,2025FA,8176,1150,7026
10011312,2025FA,8105,1939,6166
10011312,2025SP,4539,261,4278
10011313,2025FA,5235,2456,2779
10011314,2025FA,5112,340,4772
10011315,2025FA,4688,3411,1277
10011316,2025FA,4734,1336,3398
10011316,2025SP,4556,978,3578
10011317,2025FA,5889,1086,4803
10011318,2025FA,8054,5797,2257
10011319,2025FA,4902,3962,940
10011319,2025SP,4817,2834,1983
10011320,2025FA,8561,1257,7304
10011320,2025SP,4582,1890,2692
10011321,2025FA,12569,1258,11311
10011322,2025FA,6407,4295,2112
10011322,2025SP,3984,6609,-2625
10011323,2025FA,8640,1824,6816
10011324,2025FA,4363,2474,1889
10011324,2025SP,3873,2801,1072
10011325,2025FA,5133,4374,759
10011326,2025FA,10055,5578,4477
10011327,2025FA,5218,4800,418
10011328,2025FA,4763,2995,1768
10011329,2025FA,10695,2695,8000
10011329,2025SP,4861,3650,1211
10011330,2025FA,5361,3774,1587
10011330,2025SP,4339,5598,-1259
10011331,2025FA,6191,2633,3558
10011332,2025FA,12008,2569,9439
10011333,2025FA,5397,4637,760
10011333,2025SP,10128,847,9281
10011334,2025FA,6076,5000,1076
10011335,2025FA,13121,3119,10002
10011335,2025SP,3839,3237,602
10011336,2025FA,5226,932,4294
10011337,2025FA,5058,4351,707
10011338,2025FA,4320,4394,-74
10011339,2025FA,4741,4313,428
10011340,2025FA,5236,1318,3918
10011340,2025SP,3275,3191,84
10011341,2025FA,5862,3492,2370
10011342,2025FA,5260,2670,2590
10011343,2025FA,5230,8553,-3323
10011344,2025FA,4787,5277,-490
10011344,2025SP,5979,5171,808
10011345,2025FA,6094,3402,2692
10011345,2025SP,3855,2684,1171
10011346,2025FA,9269,4599,4670
10011347,2025FA,8151,2649,5502
10011348,2025FA,8743,3231,5512
10011349,2025FA,8555,3859,4696
10011350,2025FA,4692,627,4065
10011351,2025FA,4533,6225,-1692
10011352,2025FA,4836,2826,2010
10011353,2025FA,5525,1096,4429
10011353,2025SP,4846,1688,3158
10011354,2025FA,5076,5729,-653
10011354,2025SP,3739,5983,-2244
10011355,2025FA,5377,3506,1871
10011356,2025FA,4921,2214,2707
10011356,2025SP,3755,3965,-210
10011357,2025FA,10786,4655,6131
10011358,2025FA,4502,1165,3337
10011358,2025SP,4701,2627,2074
10011359,2025FA,5504,4207,1297
10011359,2025SP,5265,4321,944
10011360,2025FA,4697,3480,1217
10011360,2025SP,3866,2287,1579
10011361,2025FA,5610,5650,-40
10011362,2025FA,6402,4833,1569
10011363,2025FA,4827,2279,2548
10011363,2025SP,5711,6306,-595
10011364,2025FA,4829,5701,-872
10011364,2025SP,3805,2864,941
10011365,2025FA,4362,1960,2402
10011365,2025SP,3261,6375,-3114
10011366,2025FA,4670,4608,62
10011367,2025FA,6328,3538,2790
10011367,2025SP,7445,2510,4935
10011368,2025FA,4852,5005,-153
10011368,2025SP,8617,3555,5062
10011369,2025FA,9402,4447,4955
10011370,2025FA,5943,2471,3472
10011371,2025FA,5573,971,4602
10011372,2025FA,5193,7466,-2273
10011373,2025FA,5117,2343,2774
10011374,2025FA,4395,1994,2401
10011374,2025SP,4423,6601,-2178
10011375,2025FA,5072,697,4375
10011376,2025FA,4881,3274,1607
10011376,2025SP,3404,539,2865
10011377,2025FA,4382,4448,-66
10011378,2025FA,4792,570,4222
10011378,2025SP,3703,3261,442
10011379,2025FA,8728,5917,2811
10011380,2025FA,5838,3283,2555
10011381,2025FA,5085,1827,3258
10011382,2025FA,8634,2603,6031
10011382,2025SP,4026,4694,-668
10011383,2025FA,4871,2470,2401
10011384,2025FA,8014,2395,5619
10011385,2025FA,6521,2442,4079
10011385,2025SP,4214,3022,1192
10011386,2025FA,8705,3350,5355
10011387,2025FA,4544,3809,735
10011387,2025SP,3440,4419,-979
10011388,2025FA,5000,4963,37
10011389,2025FA,6500,4070,2430
10011389,2025SP,3790,7703,-3913
10011390,2025FA,4656,1314,3342
10011391,2025FA,11287,2546,8741
10011392,2025FA,8637,5000,3637
10011392,2025SP,7901,3455,4446
10011393,2025FA,9343,4114,5229
10011394,2025FA,4592,4820,-228
10011394,2025SP,8843,4164,4679
10011395,2025FA,4650,3126,1524
10011395,2025SP,3778,2667,1111
10011396,2025FA,4444,4300,144
10011396,2025SP,8667,2998,5669
10011397,2025FA,11935,674,11261
10011397,2025SP,4938,4394,544
10011398,2025FA,8734,2785,5949
10011399,2025FA,5177,3045,2132
10011399,2025SP,4747,4196,551
10011400,2025FA,5574,3929,1645
10011401,2025FA,11901,3269,8632
10011402,2025FA,6236,3834,2402
10011403,2025FA,4804,3700,1104
10011403,2025SP,4334,4360,-26
10011404,2025FA,4722,2060,2662
10011405,2025FA,4375,2890,1485
10011406,2025FA,11222,3080,8142
10011406,2025SP,5442,3885,1557
10011407,2025FA,5749,1293,4456
10011408,2025FA,4933,3543,1390
10011409,2025FA,4547,4802,-255
10011410,2025FA,4565,4368,197
10011411,2025FA,6253,7004,-751
10011412,2025FA,4936,788,4148
10011413,2025FA,6245,3702,2543
10011413,2025SP,3328,1474,1854
10011414,2025FA,9956,6147,3809
10011414,2025SP,5968,4317,1651
10011415,2025FA,4863,3138,1725
10011416,2025FA,4826,1755,3071
10011416,2025SP,4663,2046,2617
10011417,2025FA,11414,3383,8031
10011417,2025SP,3835,471,3364
10011418,2025FA,11378,3975,7403
10011419,2025FA,6542,5005,1537
10011420,2025FA,4933,1284,3649
10011421,2025FA,5259,4810,449
10011422,2025FA,4538,3896,642
10011422,2025SP,4815,5564,-749
10011423,2025FA,4701,2757,1944
10011424,2025FA,5026,1922,3104
10011425,2025FA,6499,7126,-627
10011426,2025FA,5829,5126,703
10011427,2025FA,8602,3986,4616
10011428,2025FA,9891,2305,7586
10011429,2025FA,8580,8479,101
10011429,2025SP,5012,5293,-281
10011430,2025FA,5036,4154,882
10011431,2025FA,9893,490,9403
10011432,2025FA,4397,264,4133
10011432,2025SP,5356,3743,1613
10011433,2025FA,9959,5813,4146
10011434,2025FA,4675,2161,2514
10011434,2025SP,4306,1777,2529
10011435,2025FA,4376,2983,1393
10011435,2025SP,6230,3174,3056
10011436,2025FA,4781,1358,3423
10011437,2025FA,5021,2915,2106
10011437,2025SP,3355,2932,423
10011438,2025FA,6656,1366,5290
10011439,2025FA,4795,671,4124
10011439,2025SP,3871,2905,966
10011440,2025FA,4715,5043,-328
10011441,2025FA,5712,6460,-748
10011442,2025FA,4786,6201,-1415
10011442,2025SP,3389,5785,-2396
10011443,2025FA,4402,3646,756
10011444,2025FA,5184,976,4208
10011444,2025SP,9249,2282,6967
10011445,2025FA,4523,4695,-172
10011445,2025SP,9207,4865,4342
10011446,2025FA,4552,4668,-116
10011447,2025FA,10797,1166,9631
10011448,2025FA,5143,4388,755
10011449,2025FA,5190,4244,946
10011450,2025FA,5456,1324,4132
10011450,2025SP,4651,4783,-132
10011451,2025FA,7020,1891,5129
10011452,2025FA,4688,3219,1469
10011453,2025FA,10708,1112,9596
10011454,2025FA,11257,3843,7414
10011454,2025SP,3821,3525,296
10011455,2025FA,10593,5162,5431
10011455,2025SP,4393,2733,1660
10011456,2025FA,8057,3449,4608
10011457,2025FA,10722,1775,8947
10011457,2025SP,8155,4185,3970
10011458,2025FA,5827,6120,-293
10011459,2025FA,6504,4544,1960
10011459,2025SP,4440,1045,3395
10011460,2025FA,4838,1924,2914
10011461,2025FA,5160,2753,2407
10011461,2025SP,5423,6617,-1194
10011462,2025FA,4534,2860,1674
10011463,2025FA,6081,5487,594
10011464,2025FA,6330,3260,3070
10011464,2025SP,4004,465,3539
10011465,2025FA,11871,3599,8272
10011466,2025FA,5254,5643,-389
10011467,2025FA,6178,584,5594
10011468,2025FA,5906,4224,1682
10011468,2025SP,4730,4909,-179
10011469,2025FA,4377,4181,196
10011470,2025FA,8658,2395,6263
10011471,2025FA,4942,2795,2147
10011472,2025FA,4874,1654,3220
10011473,2025FA,10107,1491,8616
10011474,2025FA,10675,3309,7366
10011475,2025FA,4669,2805,1864
10011476,2025FA,5071,2519,2552
10011477,2025FA,6582,5311,1271
10011478,2025FA,10527,2556,7971
10011479,2025FA,9311,776,8535
10011480,2025FA,10758,6159,4599
10011481,2025FA,5059,1103,3956
10011481,2025SP,4350,2641,1709
10011482,2025FA,4511,3176,1335
10011483,2025FA,5974,1734,4240
10011484,2025FA,6144,5517,627
10011485,2025FA,4676,4574,102
10011486,2025FA,5145,1628,3517
10011486,2025SP,5153,4288,865
10011487,2025FA,5389,541,4848
10011487,2025SP,8817,5731,3086
10011488,2025FA,5402,2402,3000
10011489,2025FA,8676,2425,6251
10011489,2025SP,3527,4043,-516
10011490,2025FA,6667,1984,4683
10011490,2025SP,4801,7609,-2808
10011491,2025FA,5200,4042,1158
10011492,2025FA,4354,2698,1656
10011493,2025FA,4351,6171,-1820
10011494,2025FA,4913,3742,1171
10011495,2025FA,4850,3891,959
10011495,2025SP,8670,2952,5718
10011496,2025FA,5958,4385,1573
10011496,2025SP,4785,3076,1709
10011497,2025FA,11261,4191,7070
10011497,2025SP,3658,4617,-959
10011498,2025FA,11223,4667,6556
10011498,2025SP,3966,1886,2080
10011499,2025FA,6783,2292,4491
10011500,2025FA,4797,2944,1853
10011500,2025SP,7304,1658,5646
10011501,2025FA,8067,2783,5284
10011501,2025SP,3694,1181,2513
10011502,2025FA,5122,2807,2315
10011503,2025FA,4862,870,3992
10011503,2025SP,5147,2312,2835
10011504,2025FA,4892,2480,2412
10011505,2025FA,5520,2203,3317
10011505,2025SP,4736,3947,789
10011506,2025FA,5780,6931,-1151
10011507,2025FA,5845,2879,2966
10011508,2025FA,4659,1826,2833
10011508,2025SP,6629,2105,4524
10011509,2025FA,5111,301,4810
10011510,2025FA,8598,6420,2178
10011511,2025FA,4316,3636,680
10011511,2025SP,3995,2120,1875
10011512,2025FA,4773,3844,929
10011513,2025FA,5588,4817,771
10011513,2025SP,6638,3891,2747
10011514,2025FA,7954,4196,3758
10011515,2025FA,6195,1478,4717
10011515,2025SP,8726,2421,6305
10011516,2025FA,7981,895,7086
10011516,2025SP,10684,2919,7765
10011517,2025FA,9885,3774,6111
10011518,2025FA,5901,1631,4270
10011519,2025FA,4439,3633,806
10011519,2025SP,9994,2954,7040
10011520,2025FA,5723,3675,2048
10011520,2025SP,3985,7495,-3510
10011521,2025FA,4520,2432,2088
10011521,2025SP,8813,4669,4144
10011522,2025FA,8588,1232,7356
10011523,2025FA,8836,3985,4851
10011523,2025SP,5072,3617,1455
10011524,2025FA,9219,4351,4868
10011525,2025FA,8774,3417,5357
10011525,2025SP,3710,3545,165
10011526,2025FA,4899,1412,3487
10011527,2025FA,5130,2410,2720
10011527,2025SP,3416,5205,-1789
10011528,2025FA,10660,2689,7971
10011529,2025FA,4506,2359,2147
10011529,2025SP,3676,4432,-756
10011530,2025FA,5247,2936,2311
10011531,2025FA,8812,2875,5937
10011531,2025SP,3999,2923,1076
10011532,2025FA,10774,1706,9068
10011533,2025FA,10588,1814,8774
10011534,2025FA,7947,2756,5191
10011535,2025FA,4817,4788,29
10011536,2025FA,5784,367,5417
10011537,2025FA,4441,1376,3065
10011538,2025FA,6434,2801,3633
10011539,2025FA,5047,4934,113
10011540,2025FA,4942,4113,829
10011540,2025SP,3681,3666,15
10011541,2025FA,5015,3547,1468
10011542,2025FA,4720,1881,2839
10011543,2025FA,4735,3713,1022
10011544,2025FA,5811,2174,3637
10011545,2025FA,4459,921,3538
10011545,2025SP,3362,1560,1802
10011546,2025FA,4362,4335,27
10011546,2025SP,3739,7996,-4257
10011547,2025FA,8189,764,7425
10011548,2025FA,9901,2024,7877
10011548,2025SP,3442,1070,2372
10011549,2025FA,4863,7041,-2178
10011550,2025FA,5288,5338,-50
10011551,2025FA,5530,3655,1875
10011551,2025SP,4780,1774,3006
10011552,2025FA,9866,6102,3764
10011553,2025FA,10790,3609,7181
10011554,2025FA,4835,4771,64
10011554,2025SP,6829,3183,3646
10011555,2025FA,8658,1094,7564
10011556,2025FA,4350,4710,-360
10011557,2025FA,5513,5690,-177
10011558,2025FA,5122,3160,1962
10011559,2025FA,11437,5819,5618
10011559,2025SP,6875,5321,1554
10011560,2025FA,4900,3129,1771
10011561,2025FA,4686,2646,2040
10011561,2025SP,3685,4014,-329
10011562,2025FA,4814,5641,-827
10011563,2025FA,4303,4888,-585
10011564,2025FA,9366,4781,4585
10011565,2025FA,5962,1605,4357
10011566,2025FA,4894,6092,-1198
10011566,2025SP,4847,1135,3712
10011567,2025FA,6148,2347,3801
10011568,2025FA,4775,1262,3513
10011568,2025SP,4778,1949,2829
10011569,2025FA,4728,2942,1786
10011570,2025FA,4587,3640,947
10011571,2025FA,8695,1894,6801
10011571,2025SP,8112,604,7508
10011572,2025FA,9368,2767,6601
10011573,2025FA,4760,4590,170
10011573,2025SP,3291,2223,1068
10011574,2025FA,4854,1467,3387
10011574,2025SP,3774,4792,-1018
10011575,2025FA,5878,3847,2031
10011576,2025FA,7916,1974,5942
10011577,2025FA,4683,2171,2512
10011577,2025SP,3356,2524,832
10011578,2025FA,11154,4192,6962
10011579,2025FA,5765,4169,1596
10011579,2025SP,3370,5982,-2612
10011580,2025FA,4899,3104,1795
10011581,2025FA,5262,1345,3917
10011582,2025FA,8681,4330,4351
10011583,2025FA,9374,1766,7608
10011584,2025FA,5112,3269,1843
10011585,2025FA,5067,3502,1565
10011585,2025SP,7528,918,6610
10011586,2025FA,5213,6584,-1371
10011587,2025FA,4705,2186,2519
10011587,2025SP,3774,2198,1576
10011588,2025FA,4946,450,4496
10011588,2025SP,3646,4211,-565
10011589,2025FA,11263,2027,9236
10011590,2025FA,9985,1858,8127
10011591,2025FA,6442,3171,3271
10011591,2025SP,8834,1510,7324
10011592,2025FA,5199,5209,-10
10011593,2025FA,8688,4292,4396
10011593,2025SP,4690,4646,44
10011594,2025FA,5515,5260,255
10011595,2025FA,5131,6247,-1116
10011596,2025FA,5022,3849,1173
10011597,2025FA,5060,935,4125
10011597,2025SP,4827,4837,-10
10011598,2025FA,4742,2817,1925
10011599,2025FA,4739,4011,728
10011599,2025SP,5730,2157,3573
10011600,2025FA,9933,3161,6772
10011600,2025SP,8579,4702,3877
10011601,2025FA,5380,3497,1883
10011602,2025FA,5494,371,5123
10011603,2025FA,8729,252,8477
10011603,2025SP,5180,2915,2265
10011604,2025FA,4381,482,3899
10011604,2025SP,4421,4965,-544
10011605,2025FA,9990,2730,7260
10011606,2025FA,5591,4228,1363
10011606,2025SP,7547,4812,2735
10011607,2025FA,5550,6687,-1137
10011607,2025SP,8567,4365,4202
10011608,2025FA,5206,683,4523
10011609,2025FA,5940,3242,2698
10011609,2025SP,9285,2120,7165
10011610,2025FA,5402,2100,3302
10011611,2025FA,4785,1061,3724
10011612,2025FA,10778,2740,8038
10011612,2025SP,4575,2085,2490
10011613,2025FA,5750,3912,1838
10011613,2025SP,4831,1526,3305
10011614,2025FA,4827,2737,2090
10011615,2025FA,4901,3225,1676
10011615,2025SP,4719,6839,-2120
10011616,2025FA,8724,4230,4494
10011617,2025FA,7018,5353,1665
10011617,2025SP,4149,3479,670
10011618,2025FA,4523,598,3925
10011619,2025FA,5981,2325,3656
10011619,2025SP,3863,975,2888
10011620,2025FA,8632,2553,6079
10011620,2025SP,3417,4887,-1470
10011621,2025FA,5059,4564,495
10011622,2025FA,8660,1859,6801
10011622,2025SP,3660,6573,-2913
10011623,2025FA,4576,1267,3309
10011624,2025FA,8155,3395,4760
10011624,2025SP,8583,1746,6837
10011625,2025FA,5096,2352,2744
10011626,2025FA,6580,3242,3338
10011626,2025SP,8029,3391,4638
10011627,2025FA,6119,4145,1974
10011628,2025FA,6683,1466,5217
10011629,2025FA,8595,2822,5773
10011630,2025FA,4660,1141,3519
10011630,2025SP,6071,4049,2022
10011631,2025FA,6299,7591,-1292
10011632,2025FA,6317,3773,2544
10011633,2025FA,5076,4716,360
10011633,2025SP,5127,5269,-142
10011634,2025FA,5773,1439,4334
10011635,2025FA,4571,4535,36
10011636,2025FA,5072,5551,-479
10011636,2025SP,3333,2171,1162
10011637,2025FA,11331,3658,7673
10011638,2025FA,4814,5893,-1079
10011639,2025FA,5881,2334,3547
10011639,2025SP,3644,1571,2073
10011640,2025FA,8074,5272,2802
10011640,2025SP,3900,5387,-1487
10011641,2025FA,4685,3478,1207
10011642,2025FA,5452,2641,2811
10011643,2025FA,9956,4885,5071
10011644,2025FA,11251,2390,8861
10011644,2025SP,4946,3091,1855
10011645,2025FA,5512,4881,631
10011646,2025FA,9878,4512,5366
10011646,2025SP,3381,1216,2165
10011647,2025FA,9491,2401,7090
10011647,2025SP,8773,3522,5251
10011648,2025FA,5148,1975,3173
10011648,2025SP,5217,4376,841
10011649,2025FA,4750,5059,-309
10011649,2025SP,5271,4920,351
10011650,2025FA,4741,3625,1116
10011651,2025FA,6127,2697,3430
10011651,2025SP,4024,1723,2301
10011652,2025FA,4736,4766,-30
10011653,2025FA,10528,2016,8512
10011653,2025SP,6755,2168,4587
10011654,2025FA,11833,4378,7455
10011654,2025SP,4826,4482,344
10011655,2025FA,5498,4518,980
10011655,2025SP,3999,4316,-317
10011656,2025FA,5065,1386,3679
10011657,2025FA,5165,2254,2911
10011657,2025SP,6199,2765,3434
10011658,2025FA,11433,612,10821
10011658,2025SP,3778,6077,-2299
10011659,2025FA,4826,4950,-124
10011660,2025FA,5783,1687,4096
10011661,2025FA,5494,2256,3238
10011661,2025SP,8183,4447,3736
10011662,2025FA,5830,2531,3299
10011663,2025FA,10149,703,9446
10011664,2025FA,6081,2921,3160
10011664,2025SP,3307,1694,1613
10011665,2025FA,5914,1839,4075
10011666,2025FA,5712,2770,2942
10011666,2025SP,3313,2356,957
10011667,2025FA,4408,7462,-3054
10011667,2025SP,3600,2449,1151
10011668,2025FA,4866,4687,179
10011669,2025FA,9202,6888,2314
10011669,2025SP,3684,3605,79
10011670,2025FA,4770,2012,2758
10011671,2025FA,10619,4423,6196
10011671,2025SP,6192,451,5741
10011672,2025FA,8095,3400,4695
10011673,2025FA,9385,725,8660
10011673,2025SP,4368,3467,901
10011674,2025FA,5589,1969,3620
10011674,2025SP,3379,1572,1807
10011675,2025FA,4813,1749,3064
10011675,2025SP,4316,2535,1781
10011676,2025FA,5498,6112,-614
10011677,2025FA,9241,2817,6424
10011677,2025SP,3461,746,2715
10011678,2025FA,6100,545,5555
10011679,2025FA,5868,5010,858
10011679,2025SP,5045,4845,200
10011680,2025FA,5832,1624,4208
10011680,2025SP,3961,1383,2578
10011681,2025FA,4948,3576,1372
10011681,2025SP,3288,2764,524
10011682,2025FA,9975,3633,6342
10011683,2025FA,5976,5292,684
10011684,2025FA,4921,3944,977
10011684,2025SP,5172,2906,2266
10011685,2025FA,9328,6312,3016
10011686,2025FA,8820,3029,5791
10011687,2025FA,11883,1018,10865
10011687,2025SP,3680,6303,-2623
10011688,2025FA,4426,4835,-409
10011688,2025SP,5955,2408,3547
10011689,2025FA,4320,3254,1066
10011689,2025SP,4710,455,4255
10011690,2025FA,4921,3523,1398
10011691,2025FA,6206,291,5915
10011692,2025FA,4825,2752,2073
10011692,2025SP,8589,1481,7108
10011693,2025FA,8669,2412,6257
10011693,2025SP,3966,6402,-2436
10011694,2025FA,6757,346,6411
10011694,2025SP,5094,4012,1082
10011695,2025FA,4687,5015,-328
10011696,2025FA,6440,851,5589
10011697,2025FA,5376,3804,1572
10011697,2025SP,6779,699,6080
10011698,2025FA,9946,5183,4763
10011699,2025FA,5122,2000,3122
10011700,2025FA,4448,3731,717
10011701,2025FA,4878,2817,2061
10011702,2025FA,12050,1916,10134
10011703,2025FA,4718,3302,1416
10011703,2025SP,8094,5458,2636
10011704,2025FA,4882,1074,3808
10011704,2025SP,4728,3867,861
10011705,2025FA,4883,3946,937
10011705,2025SP,6872,4246,2626
10011706,2025FA,4341,4522,-181
10011707,2025FA,4925,5363,-438
10011708,2025FA,6090,3743,2347
10011709,2025FA,5506,1946,3560
10011710,2025FA,5356,2212,3144
10011711,2025FA,4557,4795,-238
10011712,2025FA,5611,382,5229
10011713,2025FA,5199,3423,1776
10011713,2025SP,4465,3399,1066
10011714,2025FA,4942,390,4552
10011714,2025SP,3771,3001,770
10011715,2025FA,4436,5778,-1342
10011716,2025FA,5703,3636,2067
10011716,2025SP,8643,6892,1751
10011717,2025FA,5998,2492,3506
10011718,2025FA,5029,3436,1593
10011719,2025FA,4813,3245,1568
10011719,2025SP,3516,4846,-1330
10011720,2025FA,9987,6314,3673
10011721,2025FA,8696,6306,2390
10011721,2025SP,3261,3941,-680
10011722,2025FA,4313,2727,1586
10011722,2025SP,4689,6570,-1881
10011723,2025FA,5489,3641,1848
10011724,2025FA,4806,4350,456
10011724,2025SP,3494,5615,-2121
10011725,2025FA,8657,712,7945
10011726,2025FA,5140,2280,2860
10011727,2025FA,4652,4939,-287
10011727,2025SP,3282,4962,-1680
10011728,2025FA,4874,3829,1045
10011729,2025FA,6150,3811,2339
10011729,2025SP,5260,4249,1011
10011730,2025FA,5086,1419,3667
10011731,2025FA,5785,8053,-2268
10011732,2025FA,8125,4048,4077
10011732,2025SP,3500,7213,-3713
10011733,2025FA,8825,3740,5085
10011733,2025SP,4229,2095,2134
10011734,2025FA,8562,1270,7292
10011734,2025SP,7387,2395,4992
10011735,2025FA,4949,3479,1470
10011735,2025SP,3537,1432,2105
10011736,2025FA,4683,3198,1485
10011737,2025FA,5494,3157,2337
10011738,2025FA,5251,6659,-1408
10011739,2025FA,7904,1044,6860
10011740,2025FA,5597,1454,4143
10011741,2025FA,5759,2249,3510
10011742,2025FA,5029,3134,1895
10011743,2025FA,8597,2922,5675
10011744,2025FA,4690,4729,-39
10011744,2025SP,3860,4478,-618
10011745,2025FA,5643,1521,4122
10011746,2025FA,5525,927,4598
10011747,2025FA,4468,3865,603
10011748,2025FA,5036,4517,519
10011749,2025FA,4946,2313,2633
10011749,2025SP,3743,2026,1717
10011750,2025FA,4342,4719,-377
10011750,2025SP,4925,2537,2388
10011751,2025FA,11341,1228,10113
10011752,2025FA,4710,775,3935
10011753,2025FA,6536,2184,4352
10011753,2025SP,4355,2847,1508
10011754,2025FA,8062,3767,4295
10011754,2025SP,5068,4094,974
10011755,2025FA,5350,6161,-811
10011755,2025SP,9201,1100,8101
10011756,2025FA,5813,793,5020
10011756,2025SP,9404,2772,6632
10011757,2025FA,4769,1548,3221
10011758,2025FA,4871,3188,1683
10011759,2025FA,5748,2042,3706
10011760,2025FA,5489,2472,3017
10011760,2025SP,3613,1213,2400
10011761,2025FA,4654,207,4447
10011761,2025SP,3523,1403,2120
10011762,2025FA,4924,1076,3848
10011763,2025FA,8642,1580,7062
10011763,2025SP,6866,3749,3117
10011764,2025FA,5880,3670,2210
10011765,2025FA,9265,3848,5417
10011766,2025FA,4904,5162,-258
10011767,2025FA,6253,3092,3161
10011768,2025FA,11308,6809,4499
10011769,2025FA,6059,2086,3973
10011769,2025SP,4224,5237,-1013
10011770,2025FA,4510,227,4283
10011771,2025FA,4471,4320,151
10011772,2025FA,10606,3399,7207
10011772,2025SP,7908,1310,6598
10011773,2025FA,9345,3609,5736
10011774,2025FA,11904,5606,6298
10011775,2025FA,6610,3412,3198
10011776,2025FA,10521,6423,4098
10011776,2025SP,9428,5904,3524
10011777,2025FA,6076,6069,7
10011777,2025SP,4897,2014,2883
10011778,2025FA,4794,5252,-458
10011779,2025FA,4818,1354,3464
10011779,2025SP,4325,353,3972
10011780,2025FA,5389,2904,2485
10011780,2025SP,4313,952,3361
10011781,2025FA,5353,2327,3026
10011782,2025FA,11218,2284,8934
10011782,2025SP,3482,3938,-456
10011783,2025FA,4462,1330,3132
10011783,2025SP,4805,5198,-393
10011784,2025FA,6155,1574,4581
10011785,2025FA,5165,5880,-715
10011785,2025SP,3855,3007,848
10011786,2025FA,5266,4599,667
10011787,2025FA,4316,5593,-1277
10011788,2025FA,4670,5035,-365
10011789,2025FA,4479,2678,1801
10011790,2025FA,10509,3681,6828
10011791,2025FA,4777,1855,2922
10011792,2025FA,8605,3614,4991
10011793,2025FA,9223,2185,7038
10011793,2025SP,5269,2245,3024
10011794,2025FA,4914,1565,3349
10011795,2025FA,8703,1454,7249
10011795,2025SP,4869,1487,3382
10011796,2025FA,4713,1526,3187
10011797,2025FA,4745,2876,1869
10011797,2025SP,7361,1309,6052
10011798,2025FA,6067,3813,2254
10011799,2025FA,5608,1827,3781
10011800,2025FA,4433,1450,2983
10011800,2025SP,5258,990,4268
10011801,2025FA,9855,5072,4783
10011801,2025SP,3779,4510,-731
10011802,2025FA,5237,3930,1307
10011802,2025SP,3708,5273,-1565
10011803,2025FA,4380,6152,-1772
10011804,2025FA,5893,5555,338
10011804,2025SP,3900,5373,-1473
10011805,2025FA,4668,6949,-2281
10011805,2025SP,3830,5605,-1775
10011806,2025FA,6054,1350,4704
10011807,2025FA,6096,2340,3756
10011808,2025FA,4514,1448,3066
10011809,2025FA,7902,1042,6860
10011809,2025SP,4914,1971,2943
10011810,2025FA,8551,3958,4593
10011811,2025FA,6492,1086,5406
10011812,2025FA,5276,3139,2137
10011812,2025SP,7955,3434,4521
10011813,2025FA,6305,5587,718
10011813,2025SP,3501,3006,495
10011814,2025FA,4668,1786,2882
10011815,2025FA,4441,2435,2006
10011815,2025SP,4431,1074,3357
10011816,2025FA,8014,2360,5654
10011816,2025SP,4692,6378,-1686
10011817,2025FA,11225,4007,7218
10011817,2025SP,4659,2838,1821
10011818,2025FA,9452,2835,6617
10011819,2025FA,4416,2712,1704
10011819,2025SP,3603,897,2706
10011820,2025FA,4383,6010,-1627
10011821,2025FA,8747,4242,4505
10011821,2025SP,6844,3926,2918
10011822,2025FA,10099,3261,6838
10011822,2025SP,5129,1605,3524
10011823,2025FA,4650,1979,2671
10011824,2025FA,5820,4838,982
10011825,2025FA,5501,3264,2237
10011825,2025SP,4511,2718,1793
10011826,2025FA,5499,1971,3528
10011827,2025FA,5289,6274,-985
10011828,2025FA,5933,2891,3042
10011828,2025SP,4192,2375,1817
10011829,2025FA,4763,1087,3676
10011829,2025SP,4688,1423,3265
10011830,2025FA,5354,3030,2324
10011831,2025FA,9424,3981,5443
10011831,2025SP,3869,2333,1536
10011832,2025FA,4918,2810,2108
10011832,2025SP,3518,3275,243
10011833,2025FA,5151,7318,-2167
10011833,2025SP,4144,3301,843
10011834,2025FA,10060,2042,8018
10011835,2025FA,12675,1246,11429
10011835,2025SP,4227,1985,2242
10011836,2025FA,5771,3012,2759
10011837,2025FA,5437,6009,-572
10011837,2025SP,8013,4319,3694
10011838,2025FA,5043,2696,2347
10011839,2025FA,6085,2607,3478
10011839,2025SP,5246,1722,3524
10011840,2025FA,8849,6783,2066
10011841,2025FA,5235,3838,1397
10011842,2025FA,5927,345,5582
10011842,2025SP,7449,2649,4800
10011843,2025FA,8775,4075,4700
10011843,2025SP,9201,3310,5891
10011844,2025FA,4937,4018,919
10011844,2025SP,6744,4014,2730
10011845,2025FA,6503,5086,1417
10011846,2025FA,6489,5360,1129
10011847,2025FA,5215,823,4392
10011848,2025FA,8637,5731,2906
10011848,2025SP,3709,4443,-734
10011849,2025FA,4723,2082,2641
10011849,2025SP,3836,985,2851
10011850,2025FA,5034,6666,-1632
10011851,2025FA,4748,2215,2533
10011851,2025SP,3637,6239,-2602
10011852,2025FA,10625,5850,4775
10011852,2025SP,5971,3152,2819
10011853,2025FA,6680,460,6220
10011854,2025FA,4567,466,4101
10011854,2025SP,6762,1564,5198
10011855,2025FA,5098,6629,-1531
10011856,2025FA,5848,2832,3016
10011857,2025FA,4359,5630,-1271
10011858,2025FA,9356,3113,6243
10011859,2025FA,6212,5991,221
10011859,2025SP,5162,1025,4137
10011860,2025FA,11895,3803,8092
10011860,2025SP,3817,1828,1989
10011861,2025FA,4780,637,4143
10011862,2025FA,5209,6158,-949
10011862,2025SP,7355,5276,2079
10011863,2025FA,4538,3673,865
10011864,2025FA,4861,352,4509
10011864,2025SP,3397,568,2829
10011865,2025FA,4562,3612,950
10011865,2025SP,3867,2520,1347
10011866,2025FA,5184,1588,3596
10011867,2025FA,6148,2066,4082
10011868,2025FA,5577,2535,3042
10011868,2025SP,5229,2614,2615
10011869,2025FA,4770,5945,-1175
10011870,2025FA,10770,559,10211
10011870,2025SP,7410,5976,1434
10011871,2025FA,12557,3247,9310
10011872,2025FA,4675,2889,1786
10011872,2025SP,10005,2651,7354
10011873,2025FA,5025,6203,-1178
10011874,2025FA,10664,4695,5969
10011875,2025FA,6412,3563,2849
10011875,2025SP,3646,3963,-317
10011876,2025FA,4465,8148,-3683
10011876,2025SP,4658,5240,-582
10011877,2025FA,4411,5204,-793
10011877,2025SP,6810,3355,3455
10011878,2025FA,5228,3888,1340
10011878,2025SP,8704,941,7763
10011879,2025FA,11267,3392,7875
10011879,2025SP,3478,1963,1515
10011880,2025FA,5244,700,4544
10011880,2025SP,3859,4012,-153
10011881,2025FA,5593,1633,3960
10011882,2025FA,7180,3897,3283
10011882,2025SP,8145,242,7903
10011883,2025FA,4440,2313,2127
10011884,2025FA,7981,2498,5483
10011885,2025FA,5006,2820,2186
10011886,2025FA,5360,5835,-475
10011886,2025SP,3417,5047,-1630
10011887,2025FA,8571,2020,6551
10011888,2025FA,8812,1366,7446
10011889,2025FA,10565,3866,6699
10011890,2025FA,5229,6618,-1389
10011891,2025FA,5974,3295,2679
10011892,2025FA,5225,1866,3359
10011893,2025FA,4810,3985,825
10011893,2025SP,6020,3358,2662
10011894,2025FA,5887,2119,3768
10011895,2025FA,7984,7083,901
10011896,2025FA,4548,1791,2757
10011897,2025FA,7955,2785,5170
10011898,2025FA,4693,4367,326
10011898,2025SP,5613,1203,4410
10011899,2025FA,5058,1809,3249
10011900,2025FA,4689,3094,1595
10011900,2025SP,3463,6136,-2673
10011901,2025FA,4807,279,4528
10011901,2025SP,3816,1455,2361
10011902,2025FA,8691,5326,3365
10011903,2025FA,8195,4676,3519
10011904,2025FA,5833,6252,-419
10011904,2025SP,6039,4237,1802
10011905,2025FA,6053,2050,4003
10011905,2025SP,5265,1327,3938
10011906,2025FA,6449,1693,4756
10011907,2025FA,6408,4222,2186
10011908,2025FA,4749,1387,3362
10011909,2025FA,5950,2853,3097
10011910,2025FA,5051,6751,-1700
10011910,2025SP,5444,2894,2550
10011911,2025FA,4467,1554,2913
10011911,2025SP,5252,3011,2241
10011912,2025FA,4595,4336,259
10011912,2025SP,4486,1299,3187
10011913,2025FA,4936,5072,-136
10011913,2025SP,8753,3433,5320
10011914,2025FA,4798,399,4399
10011915,2025FA,10582,3824,6758
10011915,2025SP,3414,3532,-118
10011916,2025FA,6122,4157,1965
10011917,2025FA,5426,4176,1250
10011918,2025FA,10697,2667,8030
10011919,2025FA,8773,3733,5040
10011920,2025FA,5826,3445,2381
10011921,2025FA,5951,4482,1469
10011921,2025SP,4016,1180,2836
10011922,2025FA,5267,2689,2578
10011922,2025SP,3810,5060,-1250
10011923,2025FA,9852,1580,8272
10011923,2025SP,8684,3875,4809
10011924,2025FA,9500,2794,6706
10011924,2025SP,4714,894,3820
10011925,2025FA,4677,6756,-2079
10011926,2025FA,4766,3386,1380
10011927,2025FA,5464,4945,519
10011928,2025FA,6190,2773,3417
10011928,2025SP,4137,3750,387
10011929,2025FA,4941,4286,655
10011930,2025FA,4678,5420,-742
10011931,2025FA,5120,4809,311
10011932,2025FA,9993,6964,3029
10011933,2025FA,8582,3490,5092
10011934,2025FA,4724,3293,1431
10011934,2025SP,3773,5565,-1792
10011935,2025FA,4910,579,4331
10011935,2025SP,9465,1043,8422
10011936,2025FA,4505,2977,1528
10011936,2025SP,4708,740,3968
10011937,2025FA,10754,2341,8413
10011938,2025FA,4908,1852,3056
10011939,2025FA,6323,7336,-1013
10011940,2025FA,5400,3446,1954
10011940,2025SP,8550,1202,7348
10011941,2025FA,5381,1592,3789
10011942,2025FA,5975,2744,3231
10011942,2025SP,4809,5400,-591
10011943,2025FA,4564,2749,1815
10011943,2025SP,4161,1152,3009
10011944,2025FA,4810,1282,3528
10011945,2025FA,5641,2426,3215
10011946,2025FA,5470,4246,1224
10011947,2025FA,4392,1158,3234
10011948,2025FA,4908,480,4428
10011949,2025FA,4813,2739,2074
10011949,2025SP,3546,3752,-206
10011950,2025FA,8819,4002,4817
10011951,2025FA,6302,3105,3197
10011951,2025SP,3807,549,3258
10011952,2025FA,4321,2301,2020
10011952,2025SP,8026,4983,3043
10011953,2025FA,4526,5003,-477
10011953,2025SP,6721,1354,5367
10011954,2025FA,4424,2460,1964
10011955,2025FA,9917,2791,7126
10011955,2025SP,5108,1655,3453
10011956,2025FA,6333,1435,4898
10011956,2025SP,9478,5173,4305
10011957,2025FA,5950,3624,2326
10011958,2025FA,4866,4746,120
10011959,2025FA,4943,2202,2741
10011959,2025SP,5189,2728,2461
10011960,2025FA,8770,4108,4662
10011961,2025FA,10060,3371,6689
10011962,2025FA,5172,828,4344
10011962,2025SP,8178,4808,3370
10011963,2025FA,11281,2799,8482
10011963,2025SP,3688,2249,1439
10011964,2025FA,4663,1020,3643
10011964,2025SP,3533,5456,-1923
10011965,2025FA,4711,2148,2563
10011966,2025FA,6326,3705,2621
10011967,2025FA,4840,6175,-1335
10011968,2025FA,6255,4466,1789
10011968,2025SP,6244,2293,3951
10011969,2025FA,5831,4840,991
10011970,2025FA,4477,5785,-1308
10011970,2025SP,6060,3425,2635
10011971,2025FA,5227,5060,167
10011972,2025FA,4743,2827,1916
10011973,2025FA,9442,3323,6119
10011973,2025SP,3742,2532,1210
10011974,2025FA,7974,1940,6034
10011974,2025SP,4683,3620,1063
10011975,2025FA,5553,889,4664
10011976,2025FA,5445,2983,2462
10011977,2025FA,4930,1421,3509
10011978,2025FA,8069,4760,3309
10011979,2025FA,5860,2928,2932
10011979,2025SP,3852,4961,-1109
10011980,2025FA,8130,1194,6936
10011981,2025FA,9339,4393,4946
10011981,2025SP,4493,4802,-309
10011982,2025FA,5074,5297,-223
10011983,2025FA,5175,3589,1586
10011983,2025SP,3655,4376,-721
10011984,2025FA,4899,1987,2912
10011984,2025SP,3986,6561,-2575
10011985,2025FA,6283,3621,2662
10011986,2025FA,4306,1460,2846
10011987,2025FA,8099,2466,5633
10011988,2025FA,6090,3366,2724
10011988,2025SP,5227,733,4494
10011989,2025FA,11157,3823,7334
10011990,2025FA,4532,2797,1735
10011990,2025SP,3803,648,3155
10011991,2025FA,4702,3484,1218
10011992,2025FA,5139,1411,3728
10011993,2025FA,4692,2392,2300
10011994,2025FA,10120,307,9813
10011994,2025SP,4850,2719,2131
10011995,2025FA,8594,1623,6971
10011995,2025SP,4058,2933,1125
10011996,2025FA,5924,283,5641
10011997,2025FA,4686,4416,270
10011998,2025FA,5483,4833,650
10011999,2025FA,5021,3569,1452
10011999,2025SP,3723,3482,241
10012000,2025FA,7935,3775,4160
10012000,2025SP,3847,2861,986
10012001,2025FA,5482,3445,2037
10012002,2025FA,6172,2448,3724
10012003,2025FA,11419,1514,9905
10012003,2025SP,3608,604,3004
10012004,2025FA,5851,1881,3970
10012005,2025FA,4451,4782,-331
10012005,2025SP,4751,2139,2612
10012006,2025FA,7969,2575,5394
10012006,2025SP,4067,2607,1460
10012007,2025FA,4344,2691,1653
10012008,2025FA,6060,3242,2818
10012009,2025FA,5887,3008,2879
10012009,2025SP,4771,4104,667
10012010,2025FA,8619,1153,7466
10012010,2025SP,3480,1583,1897
10012011,2025FA,4776,3165,1611
10012012,2025FA,6554,2419,4135
10012013,2025FA,11210,3567,7643
10012013,2025SP,4876,5232,-356
10012014,2025FA,12475,2108,10367
10012015,2025FA,5172,1761,3411
10012015,2025SP,3814,952,2862
10012016,2025FA,6555,3104,3451
10012017,2025FA,9280,3614,5666
10012017,2025SP,9398,5360,4038
10012018,2025FA,4658,1406,3252
10012018,2025SP,4689,2521,2168
10012019,2025FA,9346,4569,4777
10012020,2025FA,5274,3957,1317
10012020,2025SP,9934,3668,6266
10012021,2025FA,5436,873,4563
10012022,2025FA,5088,3178,1910
10012023,2025FA,5866,4509,1357
10012024,2025FA,4686,2863,1823
10012025,2025FA,4950,5264,-314
10012026,2025FA,10755,3095,7660
10012027,2025FA,5263,678,4585
10012028,2025FA,11864,4129,7735
10012028,2025SP,8123,2798,5325
10012029,2025FA,11295,4182,7113
10012029,2025SP,6096,441,5655
10012030,2025FA,5782,4003,1779
10012031,2025FA,5253,735,4518
10012032,2025FA,5058,3961,1097
10012032,2025SP,4826,2805,2021
10012033,2025FA,5218,3317,1901
10012034,2025FA,12059,2342,9717
10012035,2025FA,5237,2972,2265
10012036,2025FA,5049,3301,1748
10012036,2025SP,5097,4950,147
10012037,2025FA,10021,5676,4345
10012038,2025FA,5481,6367,-886
10012039,2025FA,6193,491,5702
10012040,2025FA,4796,4040,756
10012041,2025FA,5179,1557,3622
10012042,2025FA,5144,5199,-55
10012043,2025FA,5372,5189,183
10012044,2025FA,6559,1950,4609
10012045,2025FA,4915,4678,237
10012046,2025FA,5508,3183,2325
10012047,2025FA,5370,2669,2701
10012047,2025SP,3327,3896,-569
10012048,2025FA,4740,2403,2337
10012049,2025FA,5152,3273,1879
10012050,2025FA,5777,2593,3184
10012051,2025FA,4596,3286,1310
10012052,2025FA,4468,2557,1911
10012053,2025FA,11444,3884,7560
10012054,2025FA,9389,4069,5320
10012055,2025FA,6558,2957,3601
10012056,2025FA,4761,1109,3652
10012056,2025SP,3861,3906,-45
10012057,2025FA,5174,2342,2832
10012057,2025SP,4321,3875,446
10012058,2025FA,5640,4284,1356
10012058,2025SP,5223,1138,4085
10012059,2025FA,6559,3035,3524
10012060,2025FA,5922,7442,-1520
10012061,2025FA,5075,236,4839
10012061,2025SP,3380,4424,-1044
10012062,2025FA,8630,5827,2803
10012062,2025SP,4764,2838,1926
10012063,2025FA,5747,2233,3514
10012064,2025FA,4460,2173,2287
10012065,2025FA,4477,3350,1127
10012066,2025FA,5064,3663,1401
10012067,2025FA,11177,479,10698
10012067,2025SP,8707,2015,6692
10012068,2025FA,5781,4880,901
10012069,2025FA,4818,2137,2681
10012069,2025SP,6848,1616,5232
10012070,2025FA,4821,5342,-521
10012071,2025FA,8579,7071,1508
10012072,2025FA,11241,3571,7670
10012072,2025SP,8128,2193,5935
10012073,2025FA,6278,3612,2666
10012074,2025FA,6621,4282,2339
10012074,2025SP,4771,3831,940
10012075,2025FA,11944,6432,5512
10012075,2025SP,4591,986,3605
10012076,2025FA,9254,2744,6510
10012077,2025FA,4870,1822,3048
10012077,2025SP,6791,1545,5246
10012078,2025FA,5799,5260,539
10012079,2025FA,6565,2951,3614
10012079,2025SP,3800,3169,631
10012080,2025FA,8755,2750,6005
10012080,2025SP,5215,2338,2877
10012081,2025FA,11182,1927,9255
10012081,2025SP,8696,2810,5886
10012082,2025FA,5829,601,5228
10012082,2025SP,4874,1707,3167
10012083,2025FA,4321,2129,2192
10012084,2025FA,5197,2634,2563
10012084,2025SP,3899,3216,683
10012085,2025FA,6338,4597,1741
10012086,2025FA,4894,6728,-1834
10012087,2025FA,4363,3383,980
10012088,2025FA,5948,6791,-843
10012088,2025SP,4073,2198,1875
10012089,2025FA,6491,5735,756
10012090,2025FA,4883,4628,255
10012091,2025FA,4364,2839,1525
10012091,2025SP,3409,4337,-928
10012092,2025FA,5837,3119,2718
10012093,2025FA,4422,3238,1184
10012093,2025SP,3648,3691,-43
10012094,2025FA,11242,2089,9153
10012095,2025FA,5629,5581,48
10012096,2025FA,6320,348,5972
10012097,2025FA,10548,3311,7237
10012098,2025FA,5995,3106,2889
10012098,2025SP,7918,1007,6911
10012099,2025FA,4838,4129,709
10012100,2025FA,4825,3058,1767
10012101,2025FA,4795,2835,1960
10012102,2025FA,5480,5311,169
10012103,2025FA,9203,3884,5319
10012103,2025SP,4425,4282,143
10012104,2025FA,8844,3657,5187
10012105,2025FA,5538,4272,1266
10012106,2025FA,4740,6998,-2258
10012107,2025FA,9345,7663,1682
10012107,2025SP,4509,2441,2068
10012108,2025FA,6218,3005,3213
10012109,2025FA,10619,5129,5490
10012110,2025FA,8675,2937,5738
10012111,2025FA,4367,4749,-382
10012111,2025SP,3370,2088,1282
10012112,2025FA,4540,2073,2467
10012112,2025SP,9418,4478,4940
10012113,2025FA,10655,6445,4210
10012113,2025SP,6171,3963,2208
10012114,2025FA,4772,5297,-525
10012114,2025SP,4380,3662,718
10012115,2025FA,5786,1684,4102
10012115,2025SP,5975,3844,2131
10012116,2025FA,6065,1028,5037
10012116,2025SP,6879,6033,846
10012117,2025FA,5300,3572,1728
10012117,2025SP,3355,1306,2049
10012118,2025FA,4853,2484,2369
10012118,2025SP,6225,466,5759
10012119,2025FA,4311,2949,1362
10012119,2025SP,4930,4600,330
10012120,2025FA,4742,2846,1896
10012121,2025FA,5226,4808,418
10012121,2025SP,4033,3512,521
10012122,2025FA,5734,1426,4308
10012123,2025FA,4706,3783,923
10012123,2025SP,6703,3747,2956
10012124,2025FA,6067,2260,3807
10012125,2025FA,4592,3434,1158
10012125,2025SP,4948,2996,1952
10012126,2025FA,5552,1787,3765
10012127,2025FA,6135,1780,4355
10012127,2025SP,6226,610,5616
10012128,2025FA,5078,3564,1514
10012129,2025FA,4348,3256,1092
10012130,2025FA,6558,2709,3849
10012131,2025FA,8655,5703,2952
10012131,2025SP,5102,2149,2953
10012132,2025FA,4816,4005,811
10012132,2025SP,6645,3314,3331
10012133,2025FA,4584,4461,123
10012134,2025FA,10138,4860,5278
10012134,2025SP,3741,841,2900
10012135,2025FA,5267,4558,709
10012136,2025FA,4457,4892,-435
10012137,2025FA,6249,4146,2103
10012137,2025SP,9909,3984,5925
10012138,2025FA,11840,2574,9266
10012139,2025FA,4684,4042,642
10012140,2025FA,11998,3661,8337
10012141,2025FA,4599,5301,-702
10012142,2025FA,4552,2356,2196
10012143,2025FA,6171,2523,3648
10012143,2025SP,6115,5128,987
10012144,2025FA,10001,3544,6457
10012144,2025SP,3706,2390,1316
10012145,2025FA,5898,5412,486
10012145,2025SP,3606,515,3091
10012146,2025FA,11426,6820,4606
10012147,2025FA,5705,3764,1941
10012147,2025SP,5222,3486,1736
10012148,2025FA,4405,3638,767
10012148,2025SP,6712,1813,4899
10012149,2025FA,8582,4646,3936
10012150,2025FA,5578,5550,28
10012151,2025FA,8640,3569,5071
10012152,2025FA,8633,3798,4835
10012152,2025SP,6714,1280,5434
10012153,2025FA,8642,1965,6677
10012153,2025SP,4221,3417,804
10012154,2025FA,11316,3394,7922
10012155,2025FA,4598,4860,-262
10012156,2025FA,5003,4415,588
10012157,2025FA,5134,6735,-1601
10012158,2025FA,5111,731,4380
10012159,2025FA,5257,4773,484
10012159,2025SP,5978,3831,2147
10012160,2025FA,4523,7156,-2633
10012161,2025FA,4876,878,3998
10012162,2025FA,10756,6621,4135
10012163,2025FA,8820,4990,3830
10012163,2025SP,3345,1648,1697
10012164,2025FA,4936,1735,3201
10012165,2025FA,6162,7645,-1483
10012166,2025FA,4597,4424,173
10012166,2025SP,8694,2547,6147
10012167,2025FA,4774,2134,2640
10012168,2025FA,6091,5262,829
10012168,2025SP,8764,3802,4962
10012169,2025FA,6559,1874,4685
10012169,2025SP,4701,5222,-521
10012170,2025FA,8612,2443,6169
10012170,2025SP,3842,1832,2010
10012171,2025FA,8679,4984,3695
10012171,2025SP,4321,2810,1511
10012172,2025FA,6182,2201,3981
10012172,2025SP,3544,988,2556
10012173,2025FA,8702,1014,7688
10012174,2025FA,5224,5205,19
10012174,2025SP,5053,2877,2176
10012175,2025FA,4940,2950,1990
10012175,2025SP,8558,3171,5387
10012176,2025FA,5237,5256,-19
10012177,2025FA,4301,2737,1564
10012178,2025FA,5283,2635,2648
10012179,2025FA,4859,806,4053
10012180,2025FA,4824,4861,-37
10012181,2025FA,5422,7869,-2447
10012182,2025FA,4835,2437,2398
10012183,2025FA,5777,2928,2849
10012183,2025SP,7474,2554,4920
10012184,2025FA,5060,1715,3345
10012185,2025FA,8689,5509,3180
10012186,2025FA,5886,2994,2892
10012186,2025SP,3889,4664,-775
10012187,2025FA,8735,3436,5299
10012188,2025FA,5201,3927,1274
10012188,2025SP,3670,2217,1453
10012189,2025FA,5109,5937,-828
10012189,2025SP,3496,2638,858
10012190,2025FA,4772,3346,1426
10012190,2025SP,5615,4523,1092
10012191,2025FA,6159,1532,4627
10012192,2025FA,8770,4456,4314
10012193,2025FA,4712,6372,-1660
10012194,2025FA,10117,5406,4711
10012194,2025SP,4121,1608,2513
10012195,2025FA,6231,1627,4604
10012195,2025SP,8751,2230,6521
10012196,2025FA,4377,6493,-2116
10012196,2025SP,8684,5083,3601
10012197,2025FA,5501,6324,-823
10012197,2025SP,8747,5181,3566
10012198,2025FA,11813,2942,8871
10012198,2025SP,4780,3220,1560
10012199,2025FA,5066,1028,4038
10012199,2025SP,7329,5817,1512
10012200,2025FA,5382,782,4600
10012201,2025FA,5956,2988,2968
10012202,2025FA,4439,695,3744
10012203,2025FA,5792,3117,2675
10012203,2025SP,5576,4645,931
10012204,2025FA,9356,4862,4494
10012205,2025FA,10123,6157,3966
10012206,2025FA,4714,1908,2806
10012207,2025FA,5235,1571,3664
10012207,2025SP,8588,5333,3255
10012208,2025FA,4767,2153,2614
10012209,2025FA,4774,2735,2039
10012210,2025FA,6337,1640,4697
10012211,2025FA,8140,1599,6541
10012212,2025FA,11360,6248,5112
10012212,2025SP,7544,3520,4024
10012213,2025FA,6084,2928,3156
10012214,2025FA,5436,1422,4014
10012214,2025SP,3482,3193,289
10012215,2025FA,6606,2315,4291
10012216,2025FA,8812,2651,6161
10012217,2025FA,4940,2627,2313
10012217,2025SP,3763,2133,1630
10012218,2025FA,4735,1431,3304
10012219,2025FA,5470,5678,-208
10012219,2025SP,4592,3565,1027
10012220,2025FA,9967,249,9718
10012221,2025FA,6528,4259,2269
10012221,2025SP,3877,4889,-1012
10012222,2025FA,5382,1869,3513
10012222,2025SP,5073,3091,1982
10012223,2025FA,8785,3391,5394
10012223,2025SP,4595,4223,372
10012224,2025FA,6068,3395,2673
10012225,2025FA,5037,2429,2608
10012225,2025SP,8618,1426,7192
10012226,2025FA,4526,1369,3157
10012227,2025FA,4791,1061,3730
10012228,2025FA,5240,1066,4174
10012228,2025SP,6160,1073,5087
10012229,2025FA,4712,2927,1785
10012229,2025SP,4766,2266,2500
10012230,2025FA,8028,2432,5596
10012231,2025FA,4658,1694,2964
10012232,2025FA,5489,2986,2503
10012232,2025SP,4401,2910,1491
10012233,2025FA,5706,2392,3314
10012234,2025FA,9395,3604,5791
10012235,2025FA,8090,5436,2654
10012236,2025FA,9455,3320,6135
10012237,2025FA,4696,3130,1566
10012237,2025SP,4820,2907,1913
10012238,2025FA,5026,3112,1914
10012238,2025SP,4809,2790,2019
10012239,2025FA,11183,4233,6950
10012240,2025FA,5017,6327,-1310
10012241,2025FA,8194,6034,2160
10012242,2025FA,4531,4729,-198
10012243,2025FA,5909,4185,1724
10012244,2025FA,8620,5271,3349
10012245,2025FA,5703,3548,2155
10012245,2025SP,5298,3362,1936
10012246,2025FA,4472,2128,2344
10012247,2025FA,5162,3993,1169
10012248,2025FA,8138,2549,5589
10012249,2025FA,5904,3158,2746
10012249,2025SP,8159,6381,1778
10012250,2025FA,4871,5005,-134
10012251,2025FA,9890,1306,8584
10012251,2025SP,3818,2558,1260
10012252,2025FA,8797,4528,4269
10012253,2025FA,6464,2469,3995
10012253,2025SP,3353,827,2526
10012254,2025FA,10651,5126,5525
10012255,2025FA,5732,1152,4580
10012256,2025FA,6881,3370,3511
10012257,2025FA,5433,3298,2135
10012258,2025FA,7916,6187,1729
10012258,2025SP,4504,3893,611
10012259,2025FA,10689,4651,6038
10012260,2025FA,6237,4014,2223
10012260,2025SP,4740,2204,2536
10012261,2025FA,5414,865,4549
10012262,2025FA,4339,3413,926
10012262,2025SP,7377,2340,5037
10012263,2025FA,8756,1283,7473
10012264,2025FA,4322,6588,-2266
10012265,2025FA,8119,3583,4536
10012265,2025SP,4229,4404,-175
10012266,2025FA,5018,1265,3753
10012266,2025SP,3850,5722,-1872
10012267,2025FA,8152,3340,4812
10012267,2025SP,4179,5332,-1153
10012268,2025FA,6341,2135,4206
10012268,2025SP,4225,2440,1785
10012269,2025FA,4789,1020,3769
10012270,2025FA,4324,1483,2841
10012270,2025SP,5353,2125,3228
10012271,2025FA,11282,4406,6876
10012272,2025FA,4300,2973,1327
10012272,2025SP,5266,2176,3090
10012273,2025FA,5445,4161,1284
10012274,2025FA,5218,2702,2516
10012275,2025FA,12667,3951,8716
10012276,2025FA,5167,4946,221
10012277,2025FA,5091,3122,1969
10012278,2025FA,5174,3732,1442
10012278,2025SP,3855,2883,972
10012279,2025FA,6201,4524,1677
10012280,2025FA,6234,2581,3653
10012280,2025SP,5406,6494,-1088
10012281,2025FA,8654,4680,3974
10012281,2025SP,3706,3472,234
10012282,2025FA,9479,3889,5590
10012283,2025FA,7965,3644,4321
10012283,2025SP,5110,1930,3180
10012284,2025FA,11296,3882,7414
10012284,2025SP,3801,2922,879
10012285,2025FA,5255,7053,-1798
10012285,2025SP,5609,3209,2400
10012286,2025FA,9261,2788,6473
10012286,2025SP,4453,4152,301
10012287,2025FA,5546,4767,779
10012287,2025SP,4675,5092,-417
10012288,2025FA,8775,2730,6045
10012289,2025FA,6300,2545,3755
10012289,2025SP,4783,929,3854
10012290,2025FA,8797,5714,3083
10012290,2025SP,5061,5441,-380
10012291,2025FA,9892,1685,8207
10012291,2025SP,5377,2900,2477
10012292,2025FA,8045,4229,3816
10012293,2025FA,9241,4102,5139
10012294,2025FA,4677,367,4310
10012295,2025FA,10713,3832,6881
10012296,2025FA,5591,4240,1351
10012297,2025FA,10683,4588,6095
10012297,2025SP,6034,2206,3828
10012298,2025FA,6247,3202,3045
10012299,2025FA,5097,2762,2335
10012299,2025SP,4567,2324,2243
10012300,2025FA,9353,1760,7593
10012301,2025FA,4912,979,3933
10012301,2025SP,3405,5263,-1858
10012302,2025FA,6085,3715,2370
10012303,2025FA,9224,3630,5594
10012304,2025FA,5076,5956,-880
10012305,2025FA,4416,1338,3078
10012305,2025SP,9433,1168,8265
10012306,2025FA,9433,1453,7980
10012306,2025SP,6077,1393,4684
10012307,2025FA,5646,2133,3513
10012308,2025FA,5035,2314,2721
10012308,2025SP,5112,1084,4028
10012309,2025FA,8789,1413,7376
10012310,2025FA,4836,3644,1192
10012310,2025SP,4686,699,3987
10012311,2025FA,4714,2476,2238
10012312,2025FA,5649,3176,2473
10012313,2025FA,8651,3283,5368
10012313,2025SP,3317,1603,1714
10012314,2025FA,4928,4707,221
10012314,2025SP,8579,2992,5587
10012315,2025FA,4413,5112,-699
10012316,2025FA,7921,4454,3467
10012317,2025FA,5743,2050,3693
10012318,2025FA,9416,5363,4053
10012319,2025FA,9480,1144,8336
10012319,2025SP,6171,3775,2396
10012320,2025FA,4815,3162,1653
10012320,2025SP,4195,4077,118
10012321,2025FA,4813,3166,1647
10012322,2025FA,5623,5472,151
10012322,2025SP,5288,6563,-1275
10012323,2025FA,9405,3897,5508
10012324,2025FA,8135,3394,4741
10012324,2025SP,8084,1248,6836
10012325,2025FA,10045,4963,5082
10012326,2025FA,4773,3577,1196
10012327,2025FA,8725,7067,1658
10012328,2025FA,5751,4124,1627
10012328,2025SP,4519,4709,-190
10012329,2025FA,6328,291,6037
10012330,2025FA,6191,290,5901
10012331,2025FA,4439,7268,-2829
10012332,2025FA,8816,3784,5032
10012333,2025FA,4444,4189,255
10012333,2025SP,9966,2401,7565
10012334,2025FA,4939,2145,2794
10012335,2025FA,12050,1499,10551
10012335,2025SP,3726,1791,1935
10012336,2025FA,6585,5699,886
10012336,2025SP,3517,3990,-473
10012337,2025FA,4507,1127,3380
10012337,2025SP,6757,3668,3089
10012338,2025FA,6164,3499,2665
10012339,2025FA,4599,6411,-1812
10012339,2025SP,4859,2721,2138
10012340,2025FA,4809,3153,1656
10012340,2025SP,5056,2394,2662
10012341,2025FA,8587,4386,4201
10012342,2025FA,4590,4020,570
10012342,2025SP,5361,2437,2924
10012343,2025FA,4819,3394,1425
10012344,2025FA,4685,6545,-1860
10012345,2025FA,9419,1884,7535
10012346,2025FA,4540,2174,2366
10012347,2025FA,4569,7205,-2636
10012348,2025FA,4829,2482,2347
10012349,2025FA,5019,3947,1072
10012350,2025FA,6145,1990,4155
10012350,2025SP,6668,6062,606
10012351,2025FA,5206,3414,1792
10012351,2025SP,4594,5020,-426
10012352,2025FA,4684,627,4057
10012353,2025FA,12086,1547,10539
10012354,2025FA,10013,1768,8245
10012355,2025FA,5173,4868,305
10012355,2025SP,4843,3052,1791
10012356,2025FA,5116,3100,2016
10012357,2025FA,5353,2193,3160
10012358,2025FA,5513,2912,2601
10012358,2025SP,3642,3061,581
10012359,2025FA,5940,3254,2686
10012359,2025SP,5236,2438,2798
10012360,2025FA,8802,1796,7006
10012360,2025SP,4809,3083,1726
10012361,2025FA,6169,3573,2596
10012362,2025FA,5080,4819,261
10012363,2025FA,5860,1672,4188
10012364,2025FA,4566,1125,3441
10012364,2025SP,8585,6339,2246
10012365,2025FA,5249,1815,3434
10012366,2025FA,9223,3639,5584
10012367,2025FA,6663,5936,727
10012368,2025FA,4473,844,3629
10012369,2025FA,9314,1891,7423
10012369,2025SP,8561,5080,3481
10012370,2025FA,5726,5091,635
10012370,2025SP,3674,5149,-1475
10012371,2025FA,4480,3120,1360
10012371,2025SP,4033,1120,2913
10012372,2025FA,6242,656,5586
10012372,2025SP,4889,2434,2455
10012373,2025FA,4702,5085,-383
10012374,2025FA,9499,5493,4006
10012375,2025FA,4798,4680,118
10012375,2025SP,8080,2884,5196
10012376,2025FA,5783,5951,-168
10012377,2025FA,8069,6217,1852
10012377,2025SP,3721,4189,-468
10012378,2025FA,8572,2875,5697
10012379,2025FA,11271,2507,8764
10012380,2025FA,6130,2894,3236
10012381,2025FA,10141,2553,7588
10012382,2025FA,4685,3623,1062
10012383,2025FA,4724,3252,1472
10012384,2025FA,8743,1614,7129
10012384,2025SP,10037,2537,7500
10012385,2025FA,5114,4228,886
10012385,2025SP,4682,4019,663
10012386,2025FA,4770,6952,-2182
10012386,2025SP,5263,2278,2985
10012387,2025FA,5608,2158,3450
10012388,2025FA,5907,1380,4527
10012388,2025SP,4809,4808,1
10012389,2025FA,4328,2029,2299
10012389,2025SP,9396,4108,5288
10012390,2025FA,8718,1550,7168
10012390,2025SP,8761,3756,5005
10012391,2025FA,4924,3287,1637
10012392,2025FA,4866,3850,1016
10012393,2025FA,9997,1559,8438
10012394,2025FA,4403,6522,-2119
10012395,2025FA,9238,994,8244
10012395,2025SP,6020,4903,1117
10012396,2025FA,6590,4652,1938
10012397,2025FA,4700,2474,2226
10012398,2025FA,8577,4191,4386
10012399,2025FA,9404,941,8463
10012399,2025SP,4861,3709,1152
10012400,2025FA,5100,5233,-133
10012401,2025FA,7960,2549,5411
10012401,2025SP,3998,1334,2664
10012402,2025FA,10784,3317,7467
10012402,2025SP,3790,3935,-145
10012403,2025FA,5235,2697,2538
10012403,2025SP,4717,445,4272
10012404,2025FA,5204,4882,322
10012405,2025FA,5552,2009,3543
10012405,2025SP,3611,2277,1334
10012406,2025FA,9297,465,8832
10012407,2025FA,5536,735,4801
10012408,2025FA,5975,1486,4489
10012408,2025SP,4062,1954,2108
10012409,2025FA,8134,3345,4789
10012410,2025FA,4385,879,3506
10012411,2025FA,5481,8236,-2755
10012412,2025FA,8805,1126,7679
10012413,2025FA,4432,5426,-994
10012413,2025SP,5253,6166,-913
10012414,2025FA,10123,3093,7030
10012414,2025SP,3450,2026,1424
10012415,2025FA,10677,3280,7397
10012415,2025SP,4376,4310,66
10012416,2025FA,5748,5638,110
10012417,2025FA,5400,4180,1220
10012418,2025FA,6212,1617,4595
10012419,2025FA,8740,1558,7182
10012420,2025FA,4411,1687,2724
10012421,2025FA,4748,611,4137
10012422,2025FA,7938,5187,2751
10012423,2025FA,8183,5250,2933
10012424,2025FA,8704,3037,5667
10012425,2025FA,4580,4325,255
10012426,2025FA,5095,2303,2792
10012426,2025SP,4810,5397,-587
10012427,2025FA,5058,5955,-897
10012427,2025SP,6039,1693,4346
10012428,2025FA,6198,933,5265
10012428,2025SP,8021,3729,4292
10012429,2025FA,8090,3192,4898
10012430,2025FA,8632,3991,4641
10012431,2025FA,5210,4546,664
10012431,2025SP,5006,6058,-1052
10012432,2025FA,5715,2840,2875
10012432,2025SP,3667,2698,969
10012433,2025FA,4684,6722,-2038
10012433,2025SP,5162,3104,2058
10012434,2025FA,5616,3223,2393
10012435,2025FA,5052,2478,2574
10012436,2025FA,10597,6732,3865
10012437,2025FA,5022,1746,3276
10012437,2025SP,8041,3827,4214
10012438,2025FA,9950,2364,7586
10012439,2025FA,4825,5355,-530
10012439,2025SP,3378,6479,-3101
10012440,2025FA,9272,2624,6648
10012440,2025SP,3646,1648,1998
10012441,2025FA,9214,2768,6446
10012442,2025FA,5532,1442,4090
10012442,2025SP,4551,699,3852
10012443,2025FA,8634,3452,5182
10012443,2025SP,8811,2925,5886
10012444,2025FA,5535,965,4570
10012445,2025FA,9434,1319,8115
10012446,2025FA,5592,4878,714
10012446,2025SP,4123,3431,692
10012447,2025FA,6534,1667,4867
10012447,2025SP,8005,1990,6015
10012448,2025FA,6195,2135,4060
10012448,2025SP,5981,1086,4895
10012449,2025FA,5783,1986,3797
10012449,2025SP,3337,2685,652
10012450,2025FA,6220,2207,4013
10012450,2025SP,6150,2445,3705
10012451,2025FA,10779,407,10372
10012451,2025SP,3889,1132,2757
10012452,2025FA,10090,4181,5909
10012453,2025FA,11392,5884,5508
10012454,2025FA,4310,1385,2925
10012455,2025FA,5456,4101,1355
10012455,2025SP,3876,1033,2843
10012456,2025FA,5624,4376,1248
10012457,2025FA,5990,3059,2931
10012458,2025FA,4328,2910,1418
10012458,2025SP,4813,1275,3538
10012459,2025FA,4869,7153,-2284
10012459,2025SP,7294,2102,5192
10012460,2025FA,8623,3514,5109
10012461,2025FA,4900,3035,1865
10012462,2025FA,5960,6491,-531
10012463,2025FA,4567,2170,2397
10012464,2025FA,4680,234,4446
10012465,2025FA,6324,4939,1385
10012466,2025FA,4871,6979,-2108
10012467,2025FA,4876,1591,3285
10012468,2025FA,11857,6244,5613
10012469,2025FA,8604,1737,6867
10012469,2025SP,9289,3296,5993
10012470,2025FA,4583,4917,-334
10012470,2025SP,5190,2427,2763
10012471,2025FA,4908,1015,3893
10012472,2025FA,5145,6576,-1431
10012473,2025FA,4419,1191,3228
10012473,2025SP,9258,2840,6418
10012474,2025FA,6152,1839,4313
10012474,2025SP,4560,2641,1919
10012475,2025FA,4769,2787,1982
10012476,2025FA,5420,2862,2558
10012477,2025FA,4767,3806,961
10012478,2025FA,5165,5760,-595
10012479,2025FA,5722,5468,254
10012479,2025SP,4906,1308,3598
10012480,2025FA,4745,1576,3169
10012481,2025FA,5529,6751,-1222
10012482,2025FA,5624,2952,2672
10012483,2025FA,8636,3566,5070
10012483,2025SP,3377,3496,-119
10012484,2025FA,5050,2430,2620
10012485,2025FA,9382,4077,5305
10012485,2025SP,3715,5325,-1610
10012486,2025FA,4687,4331,356
10012487,2025FA,10727,5152,5575
10012488,2025FA,4387,3032,1355
10012489,2025FA,9348,4346,5002
10012490,2025FA,4805,4558,247
10012491,2025FA,5720,5474,246
10012492,2025FA,5131,3212,1919
10012492,2025SP,6237,3893,2344
10012493,2025FA,8064,3278,4786
10012493,2025SP,8822,1888,6934
10012494,2025FA,6258,2616,3642
10012494,2025SP,7922,2453,5469
10012495,2025FA,8818,2618,6200
10012495,2025SP,5052,6255,-1203
10012496,2025FA,8769,4543,4226
10012497,2025FA,4719,551,4168
10012497,2025SP,9975,3950,6025
10012498,2025FA,5052,2130,2922
10012499,2025FA,8687,3663,5024
10012499,2025SP,9890,1604,8286
10012500,2025FA,4778,3048,1730
10012501,2025FA,4521,3557,964
10012502,2025FA,4534,1536,2998
10012502,2025SP,3607,1788,1819
10012503,2025FA,8696,3914,4782
10012504,2025FA,9398,1867,7531
10012505,2025FA,9449,5004,4445
10012505,2025SP,4926,1217,3709
10012506,2025FA,4822,3477,1345
10012506,2025SP,5097,3885,1212
10012507,2025FA,5091,2902,2189
10012507,2025SP,4703,3677,1026
10012508,2025FA,4421,1326,3095
10012508,2025SP,4008,2808,1200
10012509,2025FA,11842,2986,8856
10012510,2025FA,4923,4634,289
10012511,2025FA,5873,4527,1346
10012511,2025SP,8733,2450,6283
10012512,2025FA,6161,3745,2416
10012513,2025FA,5078,1002,4076
10012514,2025FA,6053,3209,2844
10012515,2025FA,10788,4527,6261
10012515,2025SP,4799,3383,1416
10012516,2025FA,6999,3397,3602
10012516,2025SP,6822,2995,3827
10012517,2025FA,5229,268,4961
10012518,2025FA,5598,5107,491
10012519,2025FA,5968,289,5679
10012520,2025FA,10622,5544,5078
10012521,2025FA,5104,5468,-364
10012522,2025FA,8074,4583,3491
10012523,2025FA,4830,2747,2083
10012524,2025FA,5558,4922,636
10012525,2025FA,5645,1285,4360
10012526,2025FA,6109,2013,4096
10012527,2025FA,10114,2018,8096
10012528,2025FA,5923,956,4967
10012529,2025FA,5113,756,4357
10012530,2025FA,4670,3666,1004
10012531,2025FA,4319,1821,2498
10012531,2025SP,4784,6407,-1623
10012532,2025FA,8011,1944,6067
10012533,2025FA,4851,3845,1006
10012533,2025SP,3772,3450,322
10012534,2025FA,4885,4236,649
10012535,2025FA,6632,1735,4897
10012536,2025FA,5515,4246,1269
10012537,2025FA,10658,2937,7721
10012538,2025FA,4696,3091,1605
10012538,2025SP,5996,5480,516
10012539,2025FA,9466,2313,7153
10012539,2025SP,4379,3193,1186
10012540,2025FA,9268,2588,6680
10012541,2025FA,8748,3030,5718
10012542,2025FA,4448,2246,2202
10012543,2025FA,9294,3876,5418
10012543,2025SP,4149,2470,1679
10012544,2025FA,5895,7228,-1333
10012545,2025FA,5836,6158,-322
10012545,2025SP,8642,2617,6025
10012546,2025FA,5548,2453,3095
10012547,2025FA,4758,1387,3371
10012547,2025SP,9486,1767,7719
